  M    Peri. Node   Incl.  e      a 

249.1  215.8 218.5  13.7 0.209  39.5
202.0  318.7  31.1   8.2 0.233  46.7
239.7  218.0 124.0  15.2 0.148  47.9
  6.0  135.4 353.2  15.2 0.224  47.7
 28.9   44.8  58.3  10.2 0.078  44.4
  0.0   60.2 120.0  15.6 0.126  42.0
331.5  319.1 142.6  15.1 0.385  43.2
315.0  352.5  91.3  20.5 0.086  40.1
  1.1  302.6 239.1   9.6 0.150  42.5
281.5   74.5 201.6  16.6 0.147  42.8
351.4  246.2 308.4   7.7 0.199  43.0
  1.2  249.8 291.9  10.0 0.125  43.1
347.7  252.3 311.8  23.9 0.166  43.0
 15.0  227.5 297.4  20.5 0.148  43.4
 18.0  316.7 209.0  31.0 0.129  44.0
 55.7  274.1 211.1  29.6 0.060  42.4
234.3   28.3 290.3   6.3 0.066  43.6
  4.4  325.8 212.2   9.9 0.036  42.0
219.6  130.6 206.1  24.3 0.199  42.3
121.0  109.5 304.0  17.1 0.065  43.4
359.9  309.5 231.4  24.9 0.232  41.7
100.6  133.5 300.8  10.3 0.031  36.4
179.0   38.9 332.2  17.9 0.008  41.3
 87.1  170.9 270.1   4.2 0.158  46.7
 70.2  261.0 198.8  23.2 0.105  39.7
  0.7  342.7 200.8  27.9 0.183  39.2
359.9  197.2 347.9  27.6 0.379  41.8
260.6  298.9 349.1  22.9 0.050  38.8
 39.3  197.8 302.7  15.5 0.072  42.2
181.2   38.8 329.6  28.4 0.129  41.1
178.8  152.2 206.4  14.1 0.014  41.3
359.9  300.3 238.6  10.6 0.097  42.0
  1.5  326.7 206.6  20.0 0.213  39.3
359.9  234.1 306.8  17.2 0.020  41.8
359.9  283.5 259.2  18.4 0.062  41.6
284.4  280.1 338.1  23.9 0.047  39.1
360.0  251.3 284.7   8.6 0.008  44.6
359.9  210.8 325.5  14.4 0.070  41.6
359.9  208.0 327.2  20.3 0.058  42.0
181.0   88.7 264.5   7.8 0.016  41.1
284.6  295.9 337.2  25.5 0.197  39.7
359.9  293.5 243.0  15.3 0.025  41.9
 34.3  145.8 229.7  28.0 0.068  45.6
 37.0  314.5  51.2  25.7 0.140  45.0
 36.8  145.8 228.4  24.8 0.076  44.6
110.8   64.2 233.8  24.8 0.074  45.5
341.9   18.5  72.5   0.9 0.307  47.4
 27.1  187.6 156.3  23.6 0.237  49.3
179.5  154.6  22.3  38.0 0.107  32.4
311.2  333.8 110.6   1.1 0.357  49.1
 38.1  126.9 194.9  24.4 0.160  46.2
 49.6  341.3 330.3   1.0 0.084  44.2
 11.3  247.5 141.2  16.3 0.085  40.1
303.1  352.4  26.3  12.2 0.115  43.6
301.8   20.7  72.4  26.6 0.069  38.6
330.9    5.1  71.7  26.2 0.131  41.6
343.8  260.7 160.7  18.0 0.086  45.0
270.5  312.9 117.5  30.3 0.062  40.4
 39.1   69.0 111.2   6.0 0.218  48.3
340.7  160.3 121.2   8.5 0.340  48.3
 52.0  332.8 186.6  10.3 0.258  47.8
 64.5   70.3  34.2   8.9 0.308  47.8
250.8   33.3 326.6   1.7 0.249  47.9
142.1   35.8  19.9  11.5 0.174  46.7
 22.6  236.3 283.8  16.4 0.149  44.6
210.4  177.8 183.3  39.5 0.136  46.5
163.7    7.1 346.5  11.9 0.188  47.5
 48.1   60.2  36.4   3.1 0.176  45.9
349.0   82.6  98.4   3.5 0.129  46.7
 73.1   15.8  98.4  13.6 0.132  39.5
 27.8   35.2 130.2  10.0 0.222  44.0
 26.7   34.2 152.8  20.1 0.136  40.5
321.6  116.0 172.5  27.9 0.098  42.1
 55.0   60.1 103.5  17.1 0.034  42.9
294.2  174.0 116.9   5.4 0.129  46.2
343.6   97.2 152.0  24.0 0.335  39.8
 26.1  335.5 160.6   8.9 0.213  45.0
357.4   80.8  76.9   2.8 0.014  44.2
323.0  208.4 335.7  19.0 0.141  41.6
222.3  343.2 330.7  34.4 0.027  39.0
339.2  265.7 290.3  19.2 0.326  39.5
  9.0   44.8 152.7   2.8 0.223  39.7
270.5  297.0  44.0  11.4 0.183  47.2
336.7  339.9 194.2  26.1 0.236  48.2
279.7   52.3 210.1  28.2 0.139  42.5
  2.6  100.1  35.9   9.2 0.154  44.9
113.7  282.3  98.3   1.8 0.033  44.8
 12.0  132.7  61.4  11.4 0.281  44.1
 45.4   62.2 101.7   8.1 0.053  43.8
308.9  222.7  17.3  28.6 0.186  42.7
 40.8   47.6  79.1   9.9 0.119  43.8
114.5  132.1 271.2  16.0 0.049  41.6
 66.4    2.2 105.0  10.2 0.180  43.8
320.3  234.6 340.8   7.7 0.237  46.7
336.5  204.6 312.2  22.5 0.223  46.3
291.9  358.4 262.7   8.8 0.124  36.6
  0.5  239.8 314.6  15.3 0.269  46.2
265.6  225.4  53.4  17.5 0.143  42.0
319.1  116.6  65.1   3.5 0.107  47.5
  9.7   78.0  66.1  16.9 0.219  42.9
284.5    5.5 256.1  26.8 0.131  43.4
  0.0  358.5 286.5   8.0 0.196  43.3
 48.3   48.0  12.4   7.3 0.196  39.4
 40.5  108.0 303.8  19.1 0.194  39.2
335.1   77.0  84.6  18.4 0.159  44.3
343.9   37.4 104.1  28.7 0.095  41.5
310.8  193.5  45.5  23.8 0.174  46.6
  1.8  286.4 147.0  44.5 0.057  39.9
209.3   38.6 132.7  29.1 0.151  47.0
322.1  229.6 258.4   4.8 0.174  39.2
 13.3  173.5 223.9   7.4 0.187  39.2
 31.4  262.7 186.7  27.5 0.165  42.4
268.1  279.6   3.1  24.8 0.144  43.1
 87.7  150.6 147.1  19.5 0.066  47.4
 13.1  219.9 212.4  11.1 0.263  39.1
149.7   16.5 334.5  22.9 0.156  39.5
 40.8  298.8  74.0   8.2 0.175  39.2
342.9   28.4  69.7   6.7 0.180  39.1
 12.6  295.5 127.0  10.7 0.301  49.4
 65.3  176.2 167.5  17.5 0.215  39.0
 18.4  196.9 197.2  26.1 0.220  39.2
  6.3  320.4  99.0  27.2 0.311  39.2
339.7  289.4 194.6  19.5 0.250  39.3
 18.5  319.4  82.4  12.6 0.230  39.4
 77.3  337.7 104.6   2.2 0.038  45.5
192.5   60.0 251.4  15.9 0.093  40.2
282.1  314.8 298.9  11.5 0.176  44.1
 14.8  155.6 333.7  12.0 0.146  42.7
154.0  170.6 110.4  20.4 0.135  42.4
 14.4  197.4 205.7  25.4 0.171  46.4
284.8  335.6 193.3  19.6 0.073  41.3
 10.1  226.0 182.5  12.3 0.249  47.2
331.0   16.4  83.9   2.7 0.033  44.0
322.7   66.3  51.8  26.5 0.343  39.1
226.0  208.7  40.8   9.8 0.144  39.2
 50.4  335.9  66.8   8.4 0.086  44.8
  0.8   53.4 109.1   3.8 0.096  44.1
297.7  310.0 276.9   7.1 0.056  42.4
358.0  316.2  89.2  24.1 0.120  42.3
280.7   47.2 184.4  15.1 0.132  41.4
308.1   95.0 100.4  21.0 0.144  43.0
 67.6  321.5  76.5  18.2 0.176  44.0
110.1  177.2 129.7  21.4 0.083  42.3
 55.7  181.2 177.3   7.1 0.090  44.9
 27.3    7.5 125.5  13.9 0.092  36.5
316.5  262.0 201.6   1.3 0.046  43.5
 12.7  130.9 304.7   9.1 0.233  40.0
331.0   90.7 355.1   9.8 0.208  43.2
 53.4  343.6 120.2   3.0 0.057  44.1
 22.0  254.5 122.7  48.8 0.129  41.8
203.4  338.9 248.2  28.7 0.049  40.5
 18.6  175.6 197.7  33.5 0.263  39.9
354.6   30.5   8.7  12.1 0.217  46.4
233.4  172.8 350.7   7.0 0.067  43.5
 57.6   31.4 289.3   2.1 0.119  44.9
349.6   46.8   3.1  11.5 0.273  49.3
120.6   50.4 212.0  11.9 0.052  41.5
220.8  194.6 344.0   3.4 0.217  47.4
  7.6    2.8  15.3  16.0 0.332  39.4
236.0  160.0   7.0  14.6 0.172  47.5
346.0  182.3 232.0   6.9 0.213  39.2
 27.3  145.9 208.6  43.5 0.130  39.3
358.3  136.7 254.4   4.1 0.017  42.9
270.0  265.0 232.8   5.8 0.175  45.4
 30.9  347.5   3.3  10.1 0.159  39.2
306.2   86.2   5.3   8.3 0.066  42.0
344.6  166.8 244.8   4.2 0.129  43.4
 94.2   32.9 251.9   2.6 0.099  42.4
 49.5   39.2 295.5   2.3 0.067  42.5
315.5  225.3 222.4  21.1 0.093  41.2
287.2  116.6 359.0   8.4 0.071  43.7
199.2  339.9 218.0  19.5 0.096  38.0
311.7  205.8 239.5   6.0 0.032  42.7
303.2  109.9 358.3   6.9 0.143  36.2
 79.6  323.4 337.7   3.8 0.113  45.3
 89.6  282.1 353.4   4.1 0.266  39.4
337.0  123.3 308.8   2.6 0.209  39.3
  8.2   57.3 327.8   2.6 0.048  43.1
101.4  253.1  22.5  20.7 0.169  36.2
 60.8   57.3 263.7   4.6 0.128  36.2
 28.4  347.8   4.8  10.1 0.226  39.3
352.0  161.5 252.4   4.3 0.293  39.4
 47.5   49.9 287.4   3.4 0.095  48.5
 62.5  289.3   3.9   7.2 0.326  47.7
  8.1  153.5 231.9   9.0 0.095  38.7
128.0  347.6 266.3   4.2 0.130  43.5
230.5  193.0 339.5   3.4 0.131  42.2
 46.2  328.9   7.9   6.8 0.122  39.4
338.4   46.9  18.5  24.1 0.169  45.6
  4.7  117.7 271.3   4.9 0.287  39.1
336.7  168.0 255.8   5.1 0.138  46.3
306.8  233.5 221.5  13.9 0.092  42.7
 15.0   82.4 282.5   3.1 0.323  47.3
351.6   40.9   8.3  12.6 0.216  39.3
252.8  149.9 353.7   5.5 0.048  44.7
188.1  353.2 210.9  29.6 0.040  38.5
357.2  253.2 139.6   4.9 0.106  35.0
103.5  154.3 104.9   3.5 0.171  42.2
357.3  266.1 167.2  15.3 0.222  39.3
  9.0  329.3  81.8   3.9 0.261  47.6
280.5  179.4 318.1  11.0 0.116  46.5
194.6  222.4  16.8   1.9 0.055  44.2
271.9  351.4 178.9  18.4 0.086  40.6
330.5  226.6 253.2   7.3 0.108  41.9
265.4  332.6 174.4  27.2 0.128  45.2
119.9  127.7  65.0  32.0 0.110  40.7
 52.2  164.1 161.8  28.8 0.189  44.7
158.5  266.2  52.8   1.7 0.009  42.9
 27.3   23.2  65.4   1.3 0.063  44.0
355.9  328.8  50.2  19.1 0.172  45.3
 37.3  139.8 219.3   9.3 0.104  42.0
154.2  333.2 337.1  14.9 0.255  43.5
  2.9    9.3  42.4  19.2 0.202  40.8
352.7  218.0 201.5  21.9 0.102  40.3
 73.6  228.2 106.6   0.9 0.016  42.7
340.9  306.1 120.8  16.4 0.308  48.6
 35.1  264.5  98.2  17.9 0.074  40.3
105.5  212.9  66.3  29.9 0.110  42.9
332.3  268.8 171.7  32.1 0.215  43.0
159.3   30.4 149.1  35.8 0.227  44.9
263.3   29.8  72.1   9.0 0.218  49.3
156.9  120.7  37.3  10.7 0.284  43.3
251.0   33.6  67.2  10.4 0.175  44.0
 94.3  176.4  36.2  10.1 0.398  41.9
 70.4  104.5 132.2  21.0 0.296  48.6
109.4  172.5  31.4  12.1 0.298  48.0
135.9  128.4  76.6  13.7 0.184  46.9
  9.8  315.5  59.8   9.4 0.287  39.2
353.7  297.4 123.8   8.9 0.160  42.0
 99.0   95.3 202.7  17.3 0.154  43.0
 18.5  224.4 158.5  47.7 0.252  48.4
341.3  337.8 117.6   9.7 0.190  39.0
 17.8  245.3  52.8  30.5 0.211  46.0
 67.9  250.5  77.7  26.4 0.042  41.0
344.7  281.8 109.3  27.4 0.180  42.9
238.3  177.1 335.2   6.5 0.083  42.1
244.1  121.6  79.7  10.2 0.081  36.2
 30.0  293.7  43.8  26.0 0.038  38.3
358.1  202.7 162.7  28.8 0.101  44.1
346.5  298.1 113.1  19.3 0.102  41.0
358.2  312.9  96.0  18.3 0.276  39.3
 14.5  292.5  75.7  26.3 0.253  48.3
 62.5  168.3  83.7   4.7 0.138  46.3
281.9   96.7 347.2  15.7 0.127  40.1
284.6  230.1 136.3   4.1 0.055  44.4
143.6  170.7  43.1   2.4 0.080  43.8
  2.5  171.6 208.4   4.6 0.265  41.8
 28.1  247.7 128.5   4.1 0.160  42.1
315.9   74.9 290.2   9.7 0.163  45.9
284.0    6.3 127.5   4.4 0.049  38.5
  8.6  346.7 354.5  22.4 0.139  46.7
 70.0  261.4 308.9   3.9 0.121  46.6
153.9   79.9 130.3  11.3 0.091  44.4
352.6  266.1  94.8   2.5 0.035  43.2
 12.6  320.5 355.7   4.4 0.184  46.6
 15.0  183.8 211.3  16.7 0.181  45.9
275.1  346.2  65.0   3.5 0.055  42.4
 63.7   74.9 138.2   3.8 0.037  43.9
  2.8  197.4 138.8  43.8 0.220  47.3
220.6  196.1 299.8   4.9 0.079  45.5
 18.2  354.8 307.4  16.1 0.213  42.8
 59.8  274.9 342.9  28.8 0.180  44.1
269.6  165.3 257.1  18.5 0.076  40.6
139.8   90.5  97.6   3.3 0.172  39.3
323.4   35.3 325.2  12.2 0.054  43.4
316.6  183.0 126.0   4.8 0.248  39.7
 26.2  273.6   1.0   7.8 0.156  42.8
  2.6  279.0  58.9  11.0 0.265  49.6
 10.2  280.8  25.5   7.7 0.128  45.1
 23.5  318.0 351.4   9.3 0.113  46.4
 40.2   88.3 200.0   4.3 0.085  43.5
 51.9  248.8  20.8  12.9 0.198  46.0
127.8  202.6   1.0  17.5 0.055  40.4
275.3  236.0 140.9   3.2 0.104  43.2
 33.8  198.7  63.7  10.0 0.072  44.3
304.4  181.8 116.1   3.8 0.067  43.6
149.8   22.8 146.7   1.5 0.055  44.0
340.9  157.7 223.3   1.3 0.093  43.5
 16.8  131.9 177.4  16.1 0.049  41.1
308.0  106.6 287.1  25.6 0.117  42.9
  3.9   58.2 197.4   7.3 0.229  39.8
337.6  136.3 162.8  12.6 0.271  39.6
 43.7   93.3  96.3   9.7 0.205  39.7
 21.0   87.1 129.5   4.0 0.245  39.9
 48.7   52.8 200.1  19.3 0.086  40.8
326.8  128.3 160.5  16.8 0.264  39.6
 46.3  104.6  62.0   6.2 0.142  39.9
351.4  205.9  66.4   9.9 0.250  42.4
348.8   55.1 217.4  24.1 0.032  38.7
355.1  148.9 127.1   8.2 0.410  48.8
337.1  149.5 146.1  14.5 0.223  39.9
359.0  174.4 125.9  15.1 0.171  48.2
248.0  297.7 119.2  15.4 0.088  39.4
 20.1   97.6 109.8   8.0 0.224  39.7
201.8  321.8 146.2  19.4 0.071  39.5
 37.7  347.8 196.3  15.7 0.293  39.4
329.4  153.5 138.6  17.7 0.110  41.7
354.3  118.3 129.4   6.2 0.286  39.7
314.5  151.5 157.0  20.0 0.201  39.6
349.8   27.3 306.1  47.4 0.219  43.4
 61.5   89.2  67.9  14.8 0.065  39.5
357.7  186.4  39.7   9.0 0.249  39.8
 62.3   86.3  57.1  27.8 0.157  43.4
355.4  132.3 109.9  14.7 0.234  39.9
 26.7  341.0 222.7  15.4 0.184  46.6
200.1  303.8  88.0  24.4 0.012  38.1
316.5  133.8 118.2   8.5 0.075  43.4
352.6  172.4  73.6  14.4 0.248  39.6
 19.0   72.9 159.9  54.2 0.394  39.8
354.4   12.6 234.2  24.0 0.333  39.8
341.6   36.8 233.1  17.2 0.279  39.8
 12.8  234.6 331.6   8.8 0.197  39.9
 31.4   28.1 134.0  17.0 0.261  48.1
 14.3  132.0  67.4  20.1 0.264  39.6
339.2   53.0 204.2  26.0 0.277  39.3
343.9  148.6 128.6  15.7 0.251  41.4
  2.4  132.6  84.6   5.9 0.043  44.2
 34.1   23.2 137.3  16.2 0.297  39.7
354.9  129.5  97.2  14.5 0.146  41.0
296.6  235.5  54.9  21.9 0.086  41.5
287.1  280.1  33.8  12.1 0.101  46.5
106.0  336.3 132.3  15.2 0.095  33.6
152.4  167.1 193.1  34.8 0.214  46.4
 48.6  244.2 242.0  18.5 0.208  43.7
237.2  349.3 346.4  27.9 0.140  43.7
 12.9  352.1 187.8   6.0 0.189  39.7
332.5   43.9 189.3  21.5 0.152  43.2
 35.1  131.1   5.5  28.2 0.154  45.0
341.4   88.8 140.6  19.0 0.103  41.6
233.7  186.7 144.4  13.6 0.133  36.7
134.6  356.7  40.0  10.3 0.288  39.4
349.7   35.2 201.9  24.1 0.264  39.7
350.0  332.0 180.6   4.2 0.104  47.6
285.1  316.1 303.7   6.8 0.071  47.3
227.3  267.1  67.5  10.7 0.087  45.1
336.3  208.6  18.9   9.4 0.224  47.2
 86.6  338.9 153.4  10.9 0.159  42.5
 26.2  109.3  99.8   6.9 0.024  38.1
253.5  196.2 119.4   4.5 0.157  36.6
 88.2   75.8  35.6  23.7 0.047  42.9
225.0  150.4 164.1   6.5 0.012  43.4
  5.2  330.6 199.3   1.9 0.022  44.0
302.2  235.9  30.7   8.7 0.162  46.2
 89.0   50.8  20.4   7.9 0.172  44.0
 91.7   78.6 323.1  11.2 0.045  41.8
 41.7  102.5 320.1  15.7 0.338  45.7
264.2  346.0 279.3  15.5 0.146  45.9
337.1  264.8 274.5  27.0 0.143  42.9
269.1  111.8 131.8   7.2 0.142  47.1
330.1   75.1 104.6   4.3 0.249  43.7
358.9  188.3 351.8  30.1 0.113  40.6
336.9  266.5 292.3   3.6 0.014  45.8
  0.0  238.4 156.3  30.0 0.141  42.7
175.6  112.8  82.3   8.8 0.162  46.5
  8.2  304.1 113.6  19.9 0.323  39.1
150.7  144.8  81.8   2.9 0.062  43.4
300.9  283.7 178.5   6.8 0.201  39.1
 81.2  189.3  99.1   0.9 0.113  44.6
289.1  283.2 193.2  10.5 0.195  46.2
 20.2  320.3  39.7   2.5 0.088  45.1
307.2   14.1  71.2   2.7 0.096  44.7
107.7  114.2 155.9   2.9 0.044  42.6
329.4  280.0 134.8   3.6 0.029  44.9
199.3  156.9  26.9   6.8 0.021  42.8
 21.2  331.0  22.3   7.2 0.173  47.3
122.8  223.8  29.3   4.5 0.057  44.1
168.6  179.9  29.9   3.0 0.141  39.3
202.6   85.6  94.2   1.9 0.016  45.1
 92.5  205.0  64.8   2.1 0.184  39.3
135.3  201.6  42.0   4.0 0.030  42.8
120.0  143.1 114.4   2.9 0.041  42.4
236.9    8.6 142.0   3.1 0.072  44.1
 80.3  271.3  20.8  11.5 0.092  36.4
 45.8  236.4  94.8   0.9 0.049  43.6
219.5  105.6  57.5   3.0 0.027  43.3
 76.9  109.9 185.6  13.0 0.080  42.3
 91.2  204.1  82.3   1.8 0.029  42.5
223.8  150.5  21.3  25.1 0.288  43.5
352.3  359.1  36.7   6.8 0.181  39.3
351.3  219.5 181.7   9.3 0.299  47.4
314.1  245.3 187.8   7.7 0.071  43.5
 27.1  149.5 190.9  17.2 0.249  39.3
 61.4  204.5 110.1   0.7 0.046  42.9
 38.0  302.2  30.3   2.0 0.149  39.3
287.8  100.6  23.1  11.2 0.277  44.4
 96.1  219.8  52.9   2.4 0.099  43.8
122.3  199.4  37.2   4.4 0.241  39.1
262.4   46.6  78.0   2.0 0.073  44.1
328.2  262.2 158.9   2.0 0.067  36.2
173.2   16.6 189.2  27.4 0.116  42.6
337.0  327.4  82.0   2.5 0.075  46.4
112.0  200.6  64.0   3.7 0.052  43.1
 94.7  114.6 166.1   3.4 0.056  44.9
203.5   55.0 119.5  11.7 0.171  47.2
  1.8    9.4  39.4  12.4 0.160  42.0
353.0  294.2 107.9   9.5 0.164  46.2
 88.6  232.3  62.3  33.7 0.096  40.8
  9.6  214.1 152.2   1.8 0.053  46.3
196.0  144.3  37.8   1.3 0.056  42.3
348.6  261.6 128.9   0.9 0.073  43.9
 32.6  298.3  44.6   1.6 0.019  43.1
143.8  128.2 101.6   2.2 0.044  42.5
342.6  287.8 111.5   2.1 0.112  43.4
 93.4  186.7  65.2   3.7 0.273  47.6
181.6  165.7  27.8   8.5 0.073  43.4
 80.0  265.1  13.6  27.1 0.165  43.1
293.5   15.8  69.8   1.3 0.013  42.6
 85.9  136.1 154.2   1.2 0.014  42.5
111.6  120.6 141.8   2.1 0.037  42.9
102.6  229.0  21.5   9.7 0.233  42.1
273.7  289.9 181.9  14.9 0.061  40.7
 21.0  236.4 117.5   2.6 0.081  43.7
214.0  153.2  17.6  24.2 0.182  45.4
 55.2  276.3  19.9  13.0 0.254  47.7
 66.1  279.4  18.8   8.4 0.139  43.6
 92.2  248.3  21.5   2.5 0.147  45.6
202.0  355.1 182.5   6.2 0.028  43.4
354.7  284.5 102.4   1.5 0.122  45.1
349.8  261.5 128.8   3.4 0.056  43.6
209.5   60.3 110.1   2.9 0.046  43.4
141.6   52.6 183.1  19.9 0.021  38.1
312.9  177.6 216.2  13.3 0.132  42.9
129.6  104.4 144.9  19.5 0.236  39.3
289.4  351.3 147.0  21.9 0.258  42.0
318.0   19.7  71.3  25.5 0.166  40.4
249.5  206.3 309.5   2.6 0.142  43.3
175.4  127.6  43.0   7.8 0.154  39.5
 51.9  290.6 353.5  25.8 0.121  38.0
284.2   84.2 335.2  30.8 0.161  45.0
 17.3  289.8   2.0   4.7 0.381  39.7
 14.8  329.6 320.1  26.8 0.147  41.7
250.4  317.3 115.0  23.4 0.063  41.5
309.8   11.7 294.7   8.7 0.059  42.9
 22.9  272.9 293.0   5.7 0.330  48.2
325.5  273.8 358.3   3.2 0.042  43.0
 56.2    0.6 170.2   8.6 0.201  47.0
  9.0   38.2 201.5  13.7 0.029  40.8
336.6  182.9  98.3  11.7 0.195  46.6
 46.9   55.4 131.5   8.4 0.127  44.6
206.1  307.3  92.2  11.2 0.117  47.0
346.4  117.0 160.6   7.6 0.293  39.6
354.2  174.2  85.3  15.9 0.256  39.7
 11.3  119.6 112.7   8.3 0.183  39.7
 40.0   67.3 113.9   8.0 0.283  39.7
  0.4   48.3 197.9  13.0 0.101  39.6
 17.8  127.9  87.2  16.4 0.301  39.7
  5.4  166.5  72.5  24.8 0.196  39.7
 16.6   46.7 177.0  10.2 0.156  39.8
359.9  130.3 117.2  10.1 0.240  39.8
  0.0  157.3 168.2   7.8 0.057  43.1
  0.7  168.0  74.8  26.5 0.077  40.4
320.3  179.5 114.3   9.5 0.186  42.4
346.4   67.6 192.0   9.6 0.055  42.8
306.3   17.9 309.3   7.7 0.253  48.4
 67.4  161.0 350.5   8.2 0.225  47.0
349.1  336.2 278.3   4.3 0.266  49.0
 35.0   28.5 159.1  20.3 0.115  41.2
348.5  154.8  86.3  21.4 0.070  41.1
 42.6   36.6 126.0   9.9 0.247  39.9
279.3  181.7 168.6  18.1 0.175  47.7
 64.1  344.5 185.2  20.8 0.124  39.8
343.4  208.6  41.5   8.2 0.184  46.1
 26.6  332.0 214.1  20.4 0.194  46.1
242.9  128.0 215.2  24.5 0.024  47.7
 77.9  329.1 175.5   0.5 0.018  44.3
126.5   62.0  31.5   3.1 0.047  44.4
 15.6  148.0  57.0   5.4 0.120  44.3
258.8  246.5  83.4   3.0 0.049  43.2
220.9  183.0 182.4   2.8 0.044  43.2
 70.2  296.2 212.1  21.1 0.049  41.7
334.5  211.8  39.9   5.3 0.108  45.2
300.5  234.8  51.1   4.1 0.062  43.6
340.5  210.7  35.7   5.0 0.082  45.2
  4.2  121.6  95.9   2.6 0.107  44.2
308.9  226.2  51.4   4.2 0.048  42.9
257.4  183.3 141.5   1.7 0.023  44.0
266.0  286.9  35.4  29.2 0.091  41.6
 70.8  107.7  32.5  22.4 0.077  44.4
326.4  233.7  44.5  10.4 0.205  39.6
333.4  230.0  42.5  16.8 0.272  39.8
 23.1  153.6  35.7  13.4 0.234  39.7
 38.6   76.3  96.1   2.4 0.140  39.6
 64.6  104.3  35.8  14.6 0.158  39.8
 33.2  138.0  31.4   3.9 0.261  39.6
110.2   68.8  40.7   2.3 0.024  43.5
102.8    3.6  89.3   2.7 0.168  42.5
347.5  180.7  63.5   1.1 0.259  48.5
348.4   35.2 219.3   6.6 0.351  48.3
236.7  155.4 203.3   2.0 0.168  49.0
 30.6  152.8  39.1  24.2 0.066  39.0
 18.2  133.3  42.0   3.0 0.246  44.0
290.7   45.4 244.6   9.4 0.198  41.4
299.5  293.7 322.9  13.1 0.145  43.5
 93.1  203.2 251.3   6.8 0.184  39.9
 39.9  175.3 320.8  15.6 0.065  46.0
258.3   11.4 301.6   1.5 0.041  44.4
282.3  341.2 285.2  14.0 0.219  48.2
151.2   95.7 290.5   9.8 0.111  44.2
313.5  352.8 267.6   8.2 0.200  32.0
 29.6   20.0 169.2   2.6 0.063  45.6
338.1  212.5 311.0   8.4 0.138  47.4
179.5  260.0  73.7   5.3 0.223  39.4
 12.4  278.7 193.9   6.6 0.208  43.6
  1.6  308.7 190.1   2.6 0.163  46.5
300.9    4.4 118.5  15.4 0.166  43.4
319.9  276.9 223.7  30.0 0.225  47.6
211.6  130.9  90.0   4.2 0.053  43.5
 56.7  168.6 178.4   2.5 0.165  42.0
149.2   85.0 180.5   9.0 0.118  42.5
184.5  286.7 283.2  16.2 0.035  43.7
152.6  281.3 320.5  16.4 0.132  47.2
 53.8   56.8 280.1  16.6 0.099  42.6
135.4  331.9 289.9  16.5 0.039  41.3
354.4   70.8 341.3  20.1 0.154  42.9
 52.7   53.0 287.6  16.2 0.056  43.3
343.9  148.2 272.1  19.3 0.113  40.4
147.4  345.9 255.0  23.8 0.194  39.2
  7.3  130.2 261.8  21.9 0.221  39.1
340.5   93.2 318.5   7.9 0.106  43.1
310.2  304.9 152.0   5.6 0.117  45.8
 57.2  189.7 114.5   9.6 0.139  39.2
  3.1  259.0 131.8   9.6 0.193  42.0
  8.4  150.4 214.6  18.0 0.138  46.8
323.5  122.1 161.8  11.6 0.242  48.1
 19.0  127.5  66.8  18.8 0.253  41.3
 66.4  165.2 329.2   6.6 0.274  48.1
246.1  291.4  47.7  16.5 0.016  40.8
 11.8   36.7 235.0   3.0 0.104  44.7
322.2   21.5 266.4  10.9 0.092  43.3
  2.9   82.8 134.5  16.5 0.171  46.9
 87.6   44.1  48.5   9.7 0.186  39.6
355.9  144.1  56.6   3.2 0.041  43.1
286.4  201.0  67.0   2.8 0.027  43.0
  0.2  189.0   9.7  13.1 0.274  48.3
355.7  357.5 209.7  19.0 0.040  41.3
285.0   72.8 150.6  17.0 0.037  43.3
340.6  192.3   3.8   7.1 0.173  42.4
314.3  158.7  66.7   7.9 0.202  44.1
 11.9  339.0 176.7  12.2 0.200  47.0
  9.8  191.4 335.3  11.2 0.196  45.8
345.5  121.5  12.9   9.5 0.192  39.5
 91.9   83.5 256.5  13.7 0.089  41.3
 21.9   83.3 292.3   5.4 0.129  36.3
  7.0   27.0   9.8   6.8 0.129  36.2
358.6   18.9  16.0   7.9 0.032  43.0
224.4  315.7 216.8  29.8 0.077  44.4
 76.6   63.7 219.3  11.6 0.305  48.5
360.0    7.7  25.4  23.2 0.167  39.3
 75.3   78.4 224.3  17.9 0.183  47.8
293.6  118.0   5.1   2.6 0.159  47.6
347.0   54.5  15.3  17.9 0.310  49.7
 92.5  271.5  21.2  27.8 0.129  37.8
215.2  328.7 216.3  20.5 0.060  38.8
 37.8  122.4 231.7  10.8 0.129  45.1
 93.2   57.4 239.4  10.4 0.085  42.8
 24.9  150.2 218.9  26.4 0.089  40.5
221.9  154.3  27.1  29.8 0.032  41.8
297.3   96.3  21.6  15.1 0.115  42.3
 57.8   23.3 303.8   2.5 0.154  46.2
168.7  277.7 313.8   2.1 0.017  44.8
173.0    6.5 218.1  22.9 0.116  43.3
301.3  104.8 358.4   5.5 0.050  45.1
 28.1   30.8 337.4   3.1 0.067  43.1
130.4  246.7  14.6  15.3 0.064  43.3
359.7  146.6 252.5   3.0 0.143  46.0
 90.4  347.5 315.1   1.2 0.055  45.3
299.1  157.8 309.3   1.9 0.062  44.0
 55.0  313.2  24.2   7.2 0.097  42.2
304.3   96.1  18.5   4.5 0.164  43.6
 55.2  319.5  20.2   4.4 0.065  43.1
300.8  105.6 357.0   1.7 0.028  43.7
356.1   99.0 310.0   5.3 0.202  42.0
 11.5   60.6 326.4   3.2 0.206  42.1
190.1  198.2  11.5   9.4 0.151  42.0
  8.3   81.5 308.4   2.0 0.068  42.0
343.5  210.7 219.3  13.5 0.229  42.0
353.0   29.8  21.6   5.1 0.114  42.0
354.2  198.2 214.1  27.1 0.235  45.9
 35.3  114.6 238.8  10.7 0.136  47.4
331.4  196.4 261.7   5.9 0.341  47.4
335.8   73.8  17.1   9.4 0.316  47.3
283.3  132.7  19.1  15.7 0.289  39.0
 16.4   88.0 289.1   4.7 0.268  39.0
 65.6  316.8  13.4  14.9 0.043  39.4
  0.8  167.4 237.9   8.7 0.241  39.0
 81.2    6.6 298.3   3.8 0.126  39.3
 23.8    1.8  12.4   8.6 0.133  39.1
311.2  264.2 224.0  17.5 0.327  39.2
 75.0  284.3  18.0  10.8 0.219  39.4
 25.6   29.4 332.1   4.3 0.257  39.2
  6.2   15.1  19.4  12.6 0.259  39.0
289.7  110.4  19.8  13.5 0.178  39.3
 61.5  289.5  20.6  11.9 0.256  39.3
342.1   50.7  27.1  17.4 0.265  39.1
 37.2  334.6  10.8   3.2 0.262  39.2
348.9  179.5 241.7   2.7 0.171  39.3
 23.1  141.1 129.4  23.1 0.145  41.0
347.9   46.9 246.2   3.6 0.137  37.5
318.0  103.7 235.8   3.2 0.135  46.8
315.3  104.0 231.2   2.6 0.059  44.2
110.1   23.4 139.1   3.3 0.111  45.2
321.0  123.5 208.8   1.9 0.098  45.8
324.7  220.9 103.9  14.5 0.169  42.3
339.7  188.4 126.3   5.3 0.159  46.8
 83.9   42.7 152.3   3.1 0.052  43.2
164.9  216.6 260.4   6.8 0.078  43.9
238.7  303.4 121.2   5.7 0.252  44.2
 56.0   73.5 154.6   2.4 0.012  43.4
121.6   67.4 323.8  27.4 0.138  41.8
347.8   43.5 105.6   4.5 0.103  44.1
126.9  210.6 168.3   4.6 0.048  43.7
287.9    2.9 152.9  15.5 0.205  39.5
185.8  147.5 102.4   8.9 0.142  43.6
339.1  217.9 225.2  25.2 0.154  43.9
329.1  348.1 104.0   5.5 0.042  36.2
170.1   88.2 156.5  28.9 0.117  43.0
344.5  292.8 170.6  22.3 0.283  39.2
323.1   36.4  86.7  31.0 0.142  41.2
 38.2  213.7 174.8  13.3 0.136  44.9
344.8   21.1  24.9  36.7 0.111  46.1
 55.4   29.8 334.4   1.3 0.055  43.7
257.3   86.0  78.0   2.3 0.023  43.1
101.7  281.8  29.8  21.3 0.056  41.0
 32.0  305.6  76.9   4.3 0.022  42.9
126.8   28.9 230.1  18.0 0.112  41.8
331.2  233.8 210.0   9.7 0.175  44.8
 68.7  281.1  27.5  13.3 0.145  39.4
332.9   31.6  44.8   5.6 0.163  39.2
347.8  287.6 114.5   1.6 0.054  43.6
356.6  170.5 232.6   9.5 0.272  39.4
316.7  111.9 341.4  34.5 0.214  45.0
346.7  253.3 139.3   5.2 0.296  40.0
245.2  333.4 178.3  13.9 0.296  46.6
310.0  357.8  65.0  28.0 0.056  40.2
  5.0  311.9  60.8  17.1 0.118  46.6
273.5   42.4  68.4  19.9 0.082  40.7
 25.2  208.5 131.0  28.7 0.172  42.8
103.2  110.9 123.6  32.9 0.096  39.9
 96.3  192.4  25.2  30.7 0.249  49.4
233.7  166.7   5.2  30.9 0.179  41.9
360.0  158.5 132.5  14.1 0.267  39.5
119.0   75.7  48.0   7.7 0.072  45.5
324.2   10.4 306.3   3.2 0.228  45.3
 49.8  307.0 262.2  10.7 0.036  36.5
258.9  312.5  53.1  26.0 0.052  45.4
272.9   70.8 277.5  15.5 0.085  40.0
  0.0  310.2 280.2   3.9 0.030  44.4
  0.1  184.3  47.8  29.2 0.233  39.8
294.8  346.9 311.0  25.2 0.064  47.1
 32.5  207.7 331.1  23.0 0.072  39.6
318.9   54.3 127.7  18.0 0.047  40.5
290.7   41.5  74.7   1.3 0.017  42.6
 14.9  187.3  84.4  19.9 0.338  47.4
360.0   79.8 194.7   2.2 0.051  44.3
 56.2   83.1  21.9  29.7 0.154  44.9
179.8  238.9 129.1  16.3 0.038  42.9
351.4   57.4 143.3  20.4 0.164  42.9
292.4  261.3  32.0  29.7 0.367  43.4
229.1  341.3  53.9   9.4 0.065  44.5
  0.1  224.7  24.4   3.8 0.006  41.7
170.7  186.5 255.5  23.1 0.192  45.9
359.9  354.6 253.3  30.5 0.189  46.5
 67.5   21.2  60.0  16.1 0.300  43.9
323.5  127.2 144.0  22.0 0.438  43.4
 30.8    7.4 143.6  21.1 0.105  39.7
 66.3   53.0  41.4  18.5 0.163  46.5
 57.5   14.8  66.4  15.9 0.362  47.6
352.6  176.4  37.2  23.8 0.253  39.6
 72.3   42.9  51.0  17.5 0.110  46.0
229.8  218.5 103.2  13.6 0.151  44.9
 64.8  317.1 129.6  18.8 0.269  44.0
306.5   88.0 165.4  30.2 0.124  38.2
 13.7   77.2  98.5  11.0 0.249  49.6
290.8  198.5  82.9   9.5 0.162  47.2
217.0  279.8  61.0  11.4 0.268  44.3
246.0  169.7 141.2  16.1 0.115  43.7
265.4  217.3  75.2  11.6 0.123  44.1
346.9  128.9  95.1  10.6 0.204  39.6
109.0  328.7 111.5  11.0 0.043  43.7
 34.6   26.3 108.0  10.3 0.172  43.5
360.0  284.9 110.9  33.3 0.243  39.5
  0.0  287.5  97.5  32.1 0.015  44.8
  2.3  236.6 141.2  19.5 0.117  40.8
335.1   76.8 320.5  26.4 0.093  41.6
 24.4  121.6 106.5  14.6 0.305  40.2
353.6  200.0 312.5  24.6 0.063  41.5
360.0  207.2 279.9   0.8 0.163  44.1
180.1  146.5  59.1  28.1 0.077  43.5
  2.0  330.6  59.2   8.7 0.064  42.9
  0.1  358.4  16.3   8.9 0.253  39.7
345.5  219.6 212.0  16.6 0.440  47.7
360.0  356.7  16.3  25.9 0.170  46.0
348.0    6.8  44.4   1.8 0.235  39.3
  5.8  277.4 119.2  15.1 0.184  47.9
  0.1  320.6  55.1  11.3 0.112  43.1
310.7   31.6  72.5  22.3 0.129  41.3
308.4  180.5 232.1  25.5 0.065  38.7
 30.9   50.7 264.3  25.0 0.158  46.0
 15.2   71.6 264.2  20.5 0.235  45.8
359.9   80.9 263.2  12.3 0.124  44.7
359.9  121.2 221.8  14.2 0.099  45.1
179.8  324.8 198.7  22.5 0.042  44.6
118.1   23.4 211.2  21.1 0.041  40.3
 31.5  274.9  82.2  12.9 0.227  39.2
 33.1  188.1 131.0  19.5 0.196  47.4
 82.9  347.0 176.2  11.0 0.088  39.6
 22.7  138.2  89.0   2.9 0.068  44.4
 33.5   57.4  72.1  25.6 0.203  44.9
 69.0  343.8 106.7  29.2 0.159  45.7
283.6  214.4  26.5   1.4 0.089  44.1
360.0    0.3 140.9  26.1 0.080  44.6
180.0  182.2 138.7   1.5 0.016  42.9
360.0  167.0 333.7   1.1 0.029  45.3
360.0   51.4  85.0   2.7 0.026  43.2
360.0    5.6 131.1  25.4 0.145  43.2
 37.5  144.0 330.3   1.5 0.035  44.2
 17.9  358.2 133.3  21.9 0.220  47.3
285.0  236.0 356.7   1.2 0.080  45.5
360.0  171.3 328.6   2.0 0.181  45.2
360.0   22.2 113.4   3.1 0.021  43.8
  0.0   11.7 117.2  10.4 0.170  44.0
265.1  183.0  58.2   2.1 0.052  43.5
 84.8  231.3  62.5  32.8 0.236  39.2
360.0  341.7  89.0   5.4 0.263  38.6
360.0  276.8 153.6   1.7 0.105  45.0
360.0  282.5 140.1   2.9 0.218  39.3
360.0  193.5 188.2   3.2 0.143  43.4
  0.0  117.4 252.1  11.0 0.143  39.6
 50.8  257.9  65.9   2.3 0.037  43.6
360.0  183.1 162.5  24.1 0.133  44.0
360.0  198.9 147.6   4.3 0.012  44.7
360.0  186.8 150.0   2.9 0.034  44.1
 20.9  149.0 235.9  14.9 0.223  39.0
  0.1  290.8  97.8   1.7 0.108  44.2
301.4  110.6   8.5   4.9 0.269  39.0
358.1  170.0 233.9   1.1 0.147  36.2
360.0  177.5 188.9   6.9 0.196  43.5
305.8  294.1 174.3  27.3 0.209  38.3
354.1   68.4 310.3  25.0 0.251  49.5
356.7  182.7 186.9  31.4 0.290  47.8
336.3  120.6 269.0  15.7 0.074  43.0
 89.7   56.0 208.9  18.6 0.029  42.5
 13.5  207.4 175.8  22.5 0.260  47.6
 47.0   29.5 291.0   9.8 0.201  46.4
360.0  273.6  71.2   1.1 0.088  45.0
360.0  185.1 159.7  26.7 0.042  38.4
  0.0  247.8  97.4   2.9 0.029  43.8
360.0  187.1 157.3  20.5 0.131  44.6
  0.0  292.7  51.4   2.6 0.066  45.5
360.0  262.3  81.9   1.9 0.099  43.1
  0.0  170.8 172.7  19.6 0.125  42.9
279.3  328.5 136.9   2.7 0.073  44.6
 31.9  240.8 103.7   2.1 0.024  42.3
360.0  293.6  69.2   2.4 0.024  38.6
180.1    5.3 177.8  22.6 0.127  43.8
180.1  117.1  64.5   2.2 0.040  43.6
312.3  273.8 159.1   4.8 0.079  42.1
180.3  342.7 179.0  23.8 0.011  45.2
  0.0  318.2  20.9   2.6 0.161  42.5
360.0  359.9 337.5   2.6 0.064  44.5
360.0  180.5 156.7  12.3 0.195  38.1
180.3   19.6 119.1  14.2 0.012  44.7
360.0  345.1 331.5  19.1 0.005  43.2
360.0  178.5 123.9  31.2 0.015  37.6
360.0    2.1 300.0  31.1 0.111  45.9
360.0    1.1 235.8  39.0 0.139  40.4
 73.2  151.8 145.6   9.4 0.176  42.0
360.0  160.8 138.2   0.8 0.065  45.2
180.5   21.0   5.8   1.3 0.014  44.9
 11.1   93.7 144.3   0.3 0.068  45.3
 97.8  256.8 238.5   7.0 0.124  46.5
  0.0    5.2 206.9  23.9 0.081  39.5
360.0  179.8 308.8  12.8 0.119  36.5
  0.2  151.9  84.5   4.2 0.074  44.3
  0.1  163.5  72.4   2.6 0.013  41.7
  0.1  177.8  57.5  10.7 0.112  44.0
  5.1  126.6 115.7   1.8 0.097  44.4
 35.8  169.0  52.0   3.3 0.052  43.0
  0.2  356.4 242.5  30.2 0.127  46.1
  0.2  209.0  29.3   2.9 0.022  44.1
 60.7  129.3  46.2   1.5 0.069  45.8
360.0  179.4  61.5  49.0 0.038  43.2
  0.2   50.4 171.4   7.2 0.006  38.7
307.1  298.7  18.1   4.3 0.373  45.0
 27.9  149.2  40.7   9.1 0.171  46.6
 24.8  160.6 317.3   7.8 0.186  45.9
 35.2   70.3  41.1   1.8 0.036  45.8
 17.1  107.3  15.3   1.2 0.039  43.8
307.7   84.0 126.1  23.9 0.092  38.0
360.0   26.1 102.2   2.5 0.030  44.1
  0.1  179.4 308.4  17.9 0.099  43.6
360.0    2.2 125.6  13.7 0.121  43.3
  0.1    1.7 126.0  17.7 0.049  44.0
360.0    1.1  74.3  28.2 0.022  45.9
360.0   13.7  56.8   5.2 0.150  44.6
 61.1  316.5  39.8   1.5 0.250  39.3
 31.5  179.6 222.0  12.1 0.176  41.0
 16.0  185.7 246.3  34.5 0.186  39.2
354.0  224.6 179.3   2.2 0.239  42.1
353.2  321.3 101.6  13.4 0.183  43.4
 25.3  268.7  95.1   6.9 0.107  42.1
 64.3  266.3  66.2  20.2 0.094  41.1
360.0  190.8 148.2   4.1 0.057  44.0
180.9   15.7 142.8   2.0 0.181  45.8
360.0  210.9 128.1   1.1 0.084  44.9
360.0  358.5 340.4  20.9 0.042  43.8
179.6  152.7   7.1   0.8 0.012  44.0
278.8  253.3 188.5   2.6 0.077  44.3
360.0  211.8 132.7   1.6 0.089  45.5
  0.0  287.8  55.8   2.6 0.0    43.2
  0.0  311.7  31.7   2.7 0.0    45.7
360.0  349.7 350.8  28.5 0.135  43.6
 65.5  212.5  38.4   4.7 0.152  46.5
360.0   11.8 289.3   4.1 0.086  44.3
 36.5  326.9 302.0  13.3 0.227  43.9
355.9  168.9  96.1   3.0 0.054  44.0
353.2  196.6  70.6   7.9 0.074  44.6
346.1  228.6  63.1  27.2 0.249  47.6
334.0  235.5  63.7   4.1 0.099  44.9
345.6   35.3 238.4  20.2 0.112  41.7
360.0  203.6  24.3   4.0 0.039  45.7
360.0  185.5  42.5  18.8 0.092  43.2
106.4  115.6  31.8   2.1 0.067  44.3
 77.6   64.1  71.2   3.7 0.115  47.2
179.9  310.5  79.7   2.7 0.031  42.6
 52.2   34.2 137.8   2.1 0.031  43.2
360.0   68.2 137.5   2.2 0.048  43.6
 37.9   63.0 117.5   3.3 0.099  44.8
170.9  196.1 225.1  14.2 0.100  42.7
298.1  238.0  59.2   6.5 0.076  42.9
356.0  210.2 311.9  17.2 0.191  36.7
 53.6   88.8  37.7  24.7 0.270  39.6
111.6  261.6 174.7  12.0 0.166  39.4
360.0  159.0  41.1  26.8 0.112  44.7
360.0   23.9 155.5  19.5 0.124  39.7
353.2  134.5 128.9   3.9 0.261  39.8
202.9  329.4 354.4   0.7 0.018  43.1
 22.8  200.5   2.2   2.4 0.131  44.4
306.3  281.8  27.7  18.7 0.220  39.6
360.0  154.0  36.0   7.5 0.129  43.8
360.0  182.4   5.0  12.5 0.111  43.0
328.0   63.4 158.9   3.8 0.025  44.2
360.0  349.5 157.8   3.0 0.146  43.2
 49.9   28.9 100.3   6.7 0.225  39.7
172.3  226.1 128.5   1.1 0.068  44.6
355.2  210.6 333.5  10.4 0.166  36.7
125.4  291.2 109.3   2.5 0.030  43.8
 89.7  307.0 166.7   4.5 0.140  45.3
180.2  177.1 190.3   7.5 0.089  44.0
330.5  147.3  94.0   3.4 0.075  45.9
353.6  108.0 113.3   5.6 0.027  43.8
141.2   11.5  47.9   3.1 0.077  45.2
327.8  251.8 357.1  10.3 0.244  39.8
  0.0  356.0 166.4  21.7 0.0    43.1
179.5   13.2 329.6   1.8 0.081  43.9
 71.8  275.5 149.2  40.2 0.131  39.5
279.0  227.8  28.4   4.8 0.115  44.1
  0.2   17.9 138.7   3.3 0.0    46.8
180.9  349.6 337.1   0.6 0.088  45.1
249.9  288.2 342.0   3.3 0.071  44.2
 42.1    5.7 109.4   0.4 0.064  36.5
  1.7   46.2 103.9   3.1 0.049  42.8
196.1    0.9 317.9  21.4 0.150  39.3
 15.9   70.1  50.3  11.7 0.224  47.8
325.9  122.9  59.1   2.1 0.081  44.1
356.3   31.4 116.1   8.0 0.046  43.7
 39.4  332.9  72.0   1.6 0.101  44.9
307.2  276.5 222.5  11.1 0.345  39.6
360.0  356.1  21.0  21.2 0.136  39.4
  0.0  282.6  93.4   1.7 0.0    46.9
360.0  288.5  75.2   0.6 0.045  45.6
 85.5   62.5 246.5   0.8 0.215  43.4
315.4  273.2 219.3   5.2 0.256  42.0
 47.2  328.0  36.2   3.7 0.125  46.1
 12.2  279.8 125.0   0.5 0.069  43.7
153.3  205.8  50.4   1.7 0.076  43.9
 21.1  183.4 207.8   0.8 0.092  45.2
 35.4  333.9  40.1  11.6 0.279  39.3
 19.4  180.4 222.4  10.2 0.273  39.1
 65.9  290.1  44.5   5.8 0.207  39.2
358.2   29.3  46.5  24.0 0.185  39.2
360.0   97.2 320.8   3.1 0.180  39.3
  0.0  178.4 238.6  32.0 0.0    44.3
360.0  183.1 225.4  19.1 0.233  39.2
 25.3  311.8  67.5   1.5 0.326  47.4
  0.0  309.7 123.1   1.1 0.0    43.9
278.4   13.5 168.8   4.5 0.194  39.3
180.0    1.6 226.6  13.0 0.078  45.5
359.9    8.9  38.2  21.1 0.122  43.8
359.9    8.4  35.3  23.3 0.228  39.3
  0.0   14.8  21.1   9.9 0.286  39.6
 83.3  245.7  53.0   3.4 0.134  43.4
 79.2  270.9  26.6  12.9 0.212  39.1
 70.7  290.6  23.6   7.4 0.104  44.2
  0.1  342.0  35.3   4.6 0.249  39.4
  0.1  211.8 158.6   2.3 0.0    45.9
180.0    5.5 184.8  15.4 0.278  47.8
 10.6    6.6  14.1  10.3 0.215  39.3
  0.0   83.5 326.3   5.3 0.129  39.4
  0.0    1.4  46.8  18.7 0.114  39.4
163.4  204.9  54.7   3.5 0.041  42.6
  0.0   65.0 335.0   1.8 0.074  43.8
  5.6   36.0  36.4  16.3 0.207  36.4
  0.0    8.5  43.1  32.0 0.189  39.5
348.8  201.9 250.2   9.8 0.273  47.4
 14.4  356.0  14.7   7.1 0.368  43.2
325.3   80.4  45.9  20.7 0.155  34.3
344.8   48.6 358.9   1.0 0.261  43.4
 30.5  332.9 319.9  27.1 0.237  48.5
 24.7  352.7 317.8  24.1 0.085  40.8
 35.5  152.4 130.0  23.4 0.285  40.1
124.8   74.9 120.1   3.7 0.101  44.3
166.1   76.3  81.3   1.9 0.060  43.6
 33.9  313.9 329.2   4.3 0.157  46.1
341.4  321.2  23.1   1.9 0.014  42.8
120.9  198.9   0.1   1.2 0.043  43.0
180.0   81.0  35.9   2.3 0.087  44.9
  0.0  293.4  53.3   3.6 0.0    45.9
  0.0  277.3  69.5   2.4 0.042  44.3
342.3  226.9 159.6  33.0 0.106  38.8
  0.0  262.2  55.0   5.1 0.124  43.6
  0.0  192.0 124.8  10.3 0.084  44.3
308.0  273.8 147.4  20.2 0.106  44.9
348.3   42.3 297.3  10.8 0.188  45.8
 54.8  170.3  81.5   1.6 0.100  44.3
 40.9  204.6  65.4   3.0 0.058  43.7
349.0  184.5 198.1   2.8 0.129  43.6
181.3  184.1 342.2  32.0 0.128  44.7
181.3  111.7  23.3   5.0 0.033  44.9
 32.6  151.7 140.1  24.5 0.246  48.0
329.9  236.9 110.7   9.7 0.126  43.7
293.3   89.8 289.1  22.9 0.054  38.6
 10.2  183.0 123.4  21.2 0.308  48.9
  0.1  249.9  39.2   2.8 0.0    43.6
  8.0  192.4 110.2  27.2 0.178  47.4
222.8  337.4 109.7   3.6 0.077  45.0
183.3   31.7  87.2   2.2 0.038  43.2
 25.7  345.2 288.3  12.2 0.300  39.5
 88.6   63.0 124.7   3.1 0.074  46.7
289.5  269.9 101.1   6.6 0.126  44.2
 17.3  306.1 283.9   1.7 0.299  48.2
 12.6  199.5  38.5   5.7 0.330  48.1
136.6  220.9 238.0   4.5 0.137  42.6
344.8   45.8 236.6  24.4 0.242  47.3
137.9  227.4 232.9  35.1 0.113  41.0
 27.3  278.9 299.1   1.0 0.029  43.6
  2.5  276.0 329.0   0.1 0.071  44.4
 44.7  263.6 292.6   1.2 0.055  44.7
176.6   72.9   4.7   2.1 0.010  38.5
 10.1    6.9 240.5   5.6 0.243  39.6
304.4  284.6  43.9  17.1 0.220  39.7
357.0   60.7 173.9   2.2 0.192  48.0
347.5  218.4  32.8  11.6 0.237  46.2
138.2  247.5 195.8   1.2 0.074  36.6
 58.3  318.5 202.4  16.7 0.076  42.4
340.3  180.6  69.0   1.9 0.086  44.2
299.7   92.7 222.3   8.6 0.061  43.5
  1.3  187.3  56.3   3.6 0.031  44.5
 16.2  163.8  62.8   3.1 0.105  44.6
222.9  224.2 159.0   1.3 0.025  46.2
 17.5  157.2  68.5   1.4 0.168  46.8
352.7  188.4  62.6   2.7 0.236  39.6
 89.5  264.1 203.2  22.6 0.243  39.5
349.2  220.1  25.7  13.3 0.158  39.9
  9.8  194.4  25.1  12.6 0.203  39.6
  8.4   19.6 228.9  16.2 0.159  39.7
 17.7    3.5 197.9   9.1 0.163  39.8
334.1   81.0 197.8  16.6 0.235  39.9
339.6  231.8  18.7   9.3 0.246  39.9
114.3  256.9 192.1  12.2 0.181  39.7
  0.0  107.9  84.3   1.7 0.038  43.7
334.1  209.5  37.3   3.5 0.146  45.6
180.5  237.8 129.5   2.7 0.159  44.4
  0.0   38.8 122.5   5.5 0.061  44.6
305.6  107.9 171.9  10.2 0.038  43.8
359.9  136.3  44.2   3.2 0.041  43.7
275.7  293.7 352.8  47.6 0.131  44.0
  0.0  174.5 354.5  43.8 0.0    43.3
134.1  306.1 105.6   2.3 0.029  43.3
  0.0   78.0  92.7   2.2 0.0    44.2
360.0   53.2 116.9   5.9 0.089  44.3
360.0  115.2  67.5   2.0 0.038  43.8
  0.2  150.2  30.2   3.7 0.063  44.3
360.0  220.6 309.1   1.0 0.059  45.3
360.0    7.5 162.3  18.6 0.101  43.6
234.2  151.3 134.7   3.5 0.094  46.5
360.0  135.0  32.6   3.1 0.023  43.0
  0.1    2.1 109.5  13.4 0.115  43.1
  0.1  178.0 255.4  10.9 0.156  39.5
324.5   57.4 112.1   4.9 0.044  43.5
331.5   67.7 109.9  15.6 0.221  47.0
 29.1  326.9 126.5   4.9 0.158  46.7
227.1  340.3 283.3   1.7 0.028  43.5
275.2  129.9  86.6   3.7 0.027  43.5
355.1   31.5 104.5   9.8 0.052  43.4
 53.1    2.6  66.1   0.9 0.078  44.0
183.8  203.1  66.3   2.8 0.008  44.0
 91.0  283.6  73.0  23.5 0.054  40.8
226.0  323.0 262.2   2.5 0.002  38.6
285.9  287.5 250.2  19.7 0.145  41.5
  9.6   45.6  31.5   1.4 0.075  43.4
359.8  265.0 112.8   6.6 0.186  38.5
  0.1  256.3 138.3  21.6 0.253  39.4
 29.7  226.2 179.3   4.5 0.232  39.1
360.0   90.2 357.2   5.1 0.077  44.2
  0.0  340.9  72.7   8.3 0.0    45.9
 70.4  311.4  84.1   3.8 0.036  44.0
360.0  103.0 340.7   5.8 0.237  39.3
  0.1   52.4  43.0   5.9 0.0    46.3
360.0  305.9 118.0   2.6 0.051  44.0
 46.5  343.7 341.3  20.8 0.208  47.0
  0.0  222.7 171.1   3.0 0.060  43.9
  0.0  347.2  61.6  22.2 0.137  43.1
  0.0  347.2  46.2  10.5 0.124  44.0
 62.8  120.9 235.7  11.0 0.214  39.1
  0.0  192.6 219.0  16.6 0.132  39.4
348.7  256.1 211.1  17.6 0.292  39.1
  0.0  296.5  96.7   3.1 0.124  39.5
  9.2   24.3  27.2  13.0 0.412  47.4
  0.0  345.1  63.3   5.0 0.188  39.3
341.0   75.1  23.5   0.9 0.105  44.7
  0.0  188.9 223.5  18.4 0.188  46.0
  0.0  288.5 120.7   3.9 0.075  44.9
180.0  165.6  62.9  13.0 0.109  43.2
  0.0  199.9 173.8   7.4 0.068  43.9
359.2  329.4  88.4   7.1 0.098  43.4
  0.0  354.1  58.6  30.9 0.127  44.7
  0.0  169.8 242.4  18.5 0.135  43.4
  0.0  207.5 202.7   7.7 0.110  45.9
  0.0  351.9  42.7   3.9 0.087  45.1
187.0  195.0  28.3  19.3 0.060  46.8
179.8    5.6 232.2  11.2 0.149  46.7
263.5  318.4 225.9   5.4 0.135  44.9
 46.8   15.6 358.2   3.5 0.159  48.9
  0.0  202.0 212.5  10.6 0.0    46.5
  0.0  347.4  46.2  11.7 0.0    44.6
  0.0  168.6 226.3   2.1 0.0    44.2
  0.0  201.1 181.1   3.4 0.0    44.1
166.9  204.4  51.1   1.6 0.067  42.5
  0.0  181.1 223.5  23.5 0.0    44.9
144.1  252.6  36.1   3.1 0.002  42.4
329.6  229.9 255.3   7.8 0.043  43.3
173.9  206.7  67.5   3.4 0.069  42.9
 37.5   11.0  37.2   1.0 0.083  44.2
 30.9  167.2 251.4  28.0 0.088  39.2
 67.4  117.4 175.7   8.4 0.167  39.3
  8.1  191.3 176.3  28.6 0.078  42.5
 59.3  111.2 187.3   6.6 0.276  39.2
 77.0   82.3 215.4   1.5 0.043  42.3
360.0  146.5 182.3   2.9 0.032  45.3
138.0   25.9 158.1   6.8 0.254  49.6
209.2   44.1  94.3   4.2 0.043  42.9
 40.9  316.4  13.7  11.4 0.107  43.8
169.4  184.7   0.7  16.0 0.120  42.5
 20.1   14.1 326.0   2.7 0.059  42.9
 62.2  213.3  95.9   2.9 0.037  43.1
104.2   99.9 157.5   9.5 0.136  39.2
306.1  297.1 109.7   3.4 0.057  38.1
 30.0  331.3 351.9  27.7 0.250  43.5
359.9  346.2 359.2   5.2 0.272  39.4
298.1   99.2 347.1  32.9 0.350  39.4
  0.1    3.7 351.1  25.6 0.139  43.6
 44.2  170.3 146.3   0.2 0.082  44.0
356.5  162.0 195.8   3.8 0.140  46.0
 34.6   13.0 273.0   3.5 0.185  46.6
281.4   48.5  58.2   5.4 0.069  38.6
  0.1  319.0  30.8   6.0 0.138  43.4
 27.2  184.7 141.1   7.1 0.132  45.2
 30.4  303.4  18.8   4.3 0.108  42.4
  0.1  343.4   8.6   2.9 0.090  45.2
358.5  187.1 164.6   1.5 0.008  42.9
269.6  345.2  83.7   2.5 0.038  44.2
318.2  341.4  30.9   2.2 0.016  42.5
 64.7  234.3  60.0   2.2 0.035  42.8
 50.8  286.2  13.8   3.5 0.049  42.9
 46.9  224.0  80.7   2.2 0.033  43.1
  0.1  359.3 336.8   2.6 0.0    43.4
148.4   80.8 136.8   6.5 0.198  39.1
  0.0  161.1 151.0   6.4 0.0    43.5
195.5   43.2 104.1   3.8 0.052  42.7
167.5  103.0  61.2   3.2 0.022  43.7
287.7  310.4 138.1   2.4 0.052  43.7
  0.1  102.5 229.1   1.8 0.008  43.3
  0.1  204.9 140.9   2.4 0.0    45.8
 44.4  331.4 237.3   7.0 0.178  47.6
  0.0  218.5  21.5   3.2 0.127  39.4
360.0    1.0 231.3  19.4 0.206  39.3
  0.0  125.8 122.8   2.3 0.041  42.9
178.4  349.8  79.9   4.8 0.117  45.1
  0.0  176.6  55.0   6.8 0.0    43.4
  0.0   35.2 217.7   1.9 0.120  44.8
234.3  131.7 228.7   1.8 0.037  44.2
178.4    1.3  19.1  37.9 0.187  46.6
  0.0  163.0  35.6   3.6 0.116  45.2
  0.0  161.5  36.6   2.0 0.066  44.4
180.3    8.7   8.8   8.6 0.195  46.1
359.9  165.6  30.7   6.4 0.075  43.4
 54.9   98.5  15.3  22.2 0.250  39.6
 21.1  154.3  39.2   1.4 0.092  44.3
323.9  221.0  36.3   2.1 0.039  43.9
 38.9  124.8  48.1   1.4 0.197  39.6
 34.4  169.4  10.0   8.9 0.107  44.5
 37.5  139.6  34.4   5.6 0.181  39.7
 16.7    4.7 199.7  27.6 0.177  39.7
 14.0  144.1  57.1   2.5 0.010  43.9
 83.1  266.7 197.5  29.5 0.222  47.4
121.9  294.0 163.4   5.9 0.048  45.8
  0.0  199.3   2.9   6.5 0.051  44.4
360.0    3.5 189.4  24.4 0.112  42.9
348.1  280.8 304.8   0.3 0.039  42.9
 45.3  353.1 149.1   5.3 0.024  38.4
 87.3   84.4  52.4   4.3 0.059  44.0
162.6   55.7 314.3   3.5 0.231  39.3
321.3   90.7 162.2  22.9 0.264  45.2
360.0   34.9 131.1   0.4 0.082  44.8
360.0  131.8  80.5   2.0 0.032  43.9
320.8   83.3 176.2   2.5 0.100  43.4
360.0  102.3 110.1   1.5 0.014  42.7
360.0    3.9  79.6  16.2 0.225  39.5
282.8  166.0  19.2  13.3 0.126  39.1
 29.3  336.2  35.8   8.4 0.270  39.6
216.6  185.2  80.5   5.0 0.092  43.8
 69.5  265.6  93.8  15.0 0.224  39.5
  0.1  336.9 114.8   4.4 0.113  44.6
180.6  353.7 276.9   6.3 0.135  45.5
 48.4   97.8 274.9   7.0 0.216  39.4
 53.3  331.2  67.8   2.6 0.038  42.9
 56.2   38.1 315.1   2.8 0.145  39.3
281.1   19.6 157.3   1.8 0.061  43.9
180.0   10.0 239.8  18.7 0.182  45.7
 70.9  237.7  84.6   0.9 0.064  44.8
  0.0  304.1  75.1   2.4 0.0    46.3
168.2  142.3  86.8   1.5 0.046  42.9
360.0   29.7 353.4   8.4 0.092  45.8
360.0  180.9 233.0  27.9 0.213  39.5
 15.8  105.8 296.8   1.3 0.218  39.2
360.0   17.5   4.4   1.8 0.084  45.9
342.9  259.9 171.6   2.4 0.164  42.0
 64.5  110.6 257.5  19.6 0.114  45.5
213.5  233.1 356.8   3.2 0.071  44.3
  1.8   54.1  37.9   3.9 0.318  47.4
360.0  354.7  63.3  20.5 0.087  43.3
  0.0  241.3 176.8   2.5 0.0    46.8
360.0  350.7  67.1  12.2 0.105  39.3
360.0  245.7 172.4   2.0 0.094  44.7
179.7  143.9  92.6   3.1 0.083  45.7
 65.8  248.8  40.3   6.5 0.303  39.3
360.0  271.8 118.5   1.6 0.045  43.2
360.0  280.3 110.0   1.6 0.033  43.6
 76.7  212.3  80.6   1.8 0.179  39.2
359.9  316.9  73.4   2.1 0.0    45.5
359.9  332.3  57.9   3.3 0.0    44.7
359.9  189.3 201.0   8.4 0.0    45.2
359.9  285.8 104.3   1.4 0.0    43.3
359.9  264.5 125.7   1.1 0.0    45.7
359.9  302.0  88.4   1.7 0.0    43.2
359.9  324.4  65.9   2.5 0.0    44.1
359.9  334.7  55.5   3.6 0.0    43.6
 59.7  306.7 336.7   3.6 0.061  44.6
209.3   30.2 109.5   2.5 0.077  44.2
  0.0  259.7  68.8   1.3 0.034  43.9
108.6  125.1 110.8   3.0 0.036  42.9
111.6  112.4 119.1   1.6 0.045  42.6
349.9  269.3  88.5   1.3 0.012  42.6
302.6   97.6 329.0   1.9 0.219  47.6
  0.0  210.0 116.3   2.3 0.077  44.4
359.9  168.4 143.2  11.4 0.0    43.0
  0.1   36.3 322.1   5.8 0.004  43.1
  0.0  342.3 327.4   0.9 0.0    45.1
  0.0  181.3 128.1   5.8 0.0    44.0
  0.0  184.2 124.7   1.6 0.0    44.8
  0.0  179.1 130.0  18.3 0.122  43.9
  0.0  317.6 351.9   0.5 0.0    43.5
  0.0  184.4 124.9   4.2 0.053  43.8
  0.0  169.9 139.1   2.1 0.0    46.4
  0.0   28.8 280.9   1.0 0.083  45.0
  0.0   14.1 296.0   1.5 0.095  45.6
  0.0    7.5 302.4   0.9 0.064  44.0
  0.0  169.8 140.1   0.4 0.0    46.5
  0.0   11.6 298.5   2.2 0.055  45.0
  0.0  172.6 137.3   3.6 0.0    43.8
  0.0  170.5 139.4   2.3 0.065  45.5
  0.0  179.9 129.8  33.3 0.122  43.7
  0.0  178.6 131.1   5.2 0.006  43.6
  0.0  167.7 141.4   1.0 0.038  44.4
  0.0  178.3 131.1   7.4 0.0    45.4
  0.0  167.4 141.9   0.8 0.061  44.1
  0.0  150.4 158.8   1.2 0.044  44.5
  0.0  173.3 135.9   5.6 0.0    45.6
179.5  314.4 175.1   0.9 0.119  43.4
  0.0   10.4 298.6   2.4 0.0    43.1
  0.0  270.6  75.9   5.5 0.134  43.5
  0.2  179.3 159.2  28.8 0.174  44.3
 68.2  123.7 159.7  34.7 0.091  40.8
153.7  126.5  71.6   0.7 0.065  43.9
  0.1  158.1 171.5   0.8 0.0    42.2
  0.0   23.4 306.9   4.8 0.0    37.1
180.6  193.4 316.4   9.7 0.076  45.3
359.9  212.6 108.5   8.9 0.057  42.9
  0.0  218.2 101.1   4.4 0.0    42.8
  0.0  282.8  27.1   6.1 0.0    43.0
  0.0  292.2  16.2   1.5 0.0    44.4
  0.0   39.9 150.8   4.9 0.207  39.2
357.7  219.0  10.7   8.6 0.202  39.6
  0.0    7.0 147.7   3.7 0.0    45.5
  0.0  170.5 344.2   1.0 0.0    43.0
 30.4  339.5 225.5   1.8 0.095  39.7
214.8  120.5 276.8   6.3 0.068  35.2
  5.4  173.3  79.1   5.4 0.198  39.8
  0.1  166.3  56.9  21.9 0.083  39.5
360.0  111.5 108.1   2.3 0.184  39.3
 26.0  319.4 260.5   4.3 0.116  42.5
 31.9  344.3 206.8   3.3 0.283  40.0
360.0  177.0  26.8   5.8 0.179  39.4
360.0    5.3 217.0  12.6 0.085  39.2
  0.1  183.3  30.8  10.1 0.186  39.3
360.0  348.2 214.5  28.6 0.343  39.4
 19.0  194.0  11.1   7.1 0.132  39.7
360.0  110.0 111.4   2.6 0.016  43.7
110.8  253.8 220.6  26.6 0.087  42.2
127.7   54.8  44.3   2.8 0.170  39.5
303.3  103.2 203.7  15.7 0.232  39.6
360.0  137.4  67.2   2.7 0.050  43.4
360.0  195.2  23.2   0.5 0.020  43.4
360.0  149.3  66.9   2.2 0.071  43.3
103.4  198.6 227.2   2.6 0.239  39.4
153.3   79.2 301.2   1.1 0.044  44.3
337.0  141.7  57.4   2.3 0.025  43.0
  0.0  183.3   1.2   8.6 0.193  39.4
181.1  359.7   3.8  24.0 0.068  45.1
235.7  186.6 153.6   3.5 0.118  36.5
158.1   65.5 312.9   3.1 0.151  47.1
  3.2  215.5 342.5   9.3 0.273  39.6
 90.4   28.1  48.8   1.4 0.009  42.7
  0.0  156.5 358.5   5.5 0.150  39.5
233.6  336.7 300.7   7.0 0.148  46.2
329.0  115.6 100.6   3.8 0.085  44.2
  0.0  170.8 336.2   4.8 0.120  45.7
181.8  263.4  66.6   1.7 0.061  45.0
269.6  136.5  42.3  16.9 0.134  45.9
309.0  156.2   1.8   5.7 0.243  39.1
  8.6   26.8 152.9  10.1 0.064  43.6
185.7  236.2 120.9   1.0 0.073  44.4
179.1  355.8 346.4  26.9 0.072  46.2
178.6  190.9 149.2  15.3 0.072  45.6
  6.9   41.8 108.9   3.4 0.062  43.8
 32.0  347.7 159.4   3.5 0.115  47.0
319.8  139.4  87.0   1.2 0.055  43.3
  0.1   49.7 106.9   4.6 0.0    42.6
  0.1   16.0 139.4   3.3 0.0    43.1
  0.1    4.2 131.3   3.2 0.0    42.7
  0.0  184.4 279.9   9.6 0.075  44.4
  0.0  195.5 269.9   2.4 0.067  43.9
  0.1  355.2 110.1   1.4 0.0    43.9
  0.1  358.5 106.8  10.3 0.0    43.4
  0.1  353.0 112.5   2.3 0.049  43.8
  0.0   36.9  68.6   2.2 0.035  44.7
295.4  109.3  85.7   1.8 0.030  43.7
  0.1    8.7  92.3   5.9 0.0    42.3
  0.1  350.6 114.0   5.9 0.0    45.6
306.4   74.4 114.8   6.5 0.080  43.4
228.6   75.0 180.0   1.2 0.036  42.8
 15.3    1.4  70.5  18.7 0.243  39.2
147.8  136.6 105.6   1.2 0.082  47.5
147.4  222.0  23.0   3.6 0.079  44.0
  0.0  240.0 143.8   3.0 0.145  39.6
  0.0  344.3  40.1   5.0 0.068  39.6
  0.0  351.0  33.7   6.0 0.071  42.9
  0.5  285.3 106.7   1.6 0.128  45.1
  0.3  205.8 162.0   3.2 0.091  45.8
  0.1   90.8 279.8   0.9 0.123  44.1
  1.2   31.8   8.3   2.1 0.059  43.8
141.7  241.0   0.6   6.9 0.159  41.9
 36.0  226.5 131.5   3.0 0.030  42.8
  0.1  266.3 105.2   1.3 0.0    43.0
156.3   18.8 209.2   6.5 0.153  39.2
117.6   81.4 124.7   4.8 0.027  44.0
 25.7  354.6 348.1   0.2 0.037  43.8
301.6  352.2  76.4   4.0 0.049  43.8
 70.0  167.5 129.4   6.7 0.110  39.2
357.7   10.3   7.8   3.7 0.152  43.5
 68.9  196.7  70.5   5.0 0.059  42.6
 19.5    2.1 334.7  30.6 0.122  46.1
356.8  226.8 117.0  23.6 0.187  46.1
 50.5  258.4  16.0   1.9 0.067  44.3
322.2  108.9 279.2   0.9 0.025  44.0
  0.0  234.2  91.6   2.4 0.0    43.9
  0.0  210.3 115.3   3.4 0.0    43.7
  0.0   13.9 309.8   5.2 0.0    43.7
338.8  218.7 148.0   5.1 0.024  44.3
 74.9  208.8  80.5   4.4 0.084  44.2
 83.4  162.9 111.8   1.4 0.123  45.1
267.8  321.5 143.5   1.1 0.035  42.7
336.7  170.3 247.9   8.8 0.061  39.6
354.0    1.2 332.7   0.5 0.014  43.5
120.8   69.0 130.3   2.1 0.056  43.3
179.6    5.1  58.2   6.8 0.099  46.0
  0.1  359.5 320.1  27.5 0.0    46.7
  0.1   32.2 274.6   1.5 0.0    46.4
360.0  226.8  91.3   2.6 0.098  45.6
 90.4   12.8 131.3   2.3 0.006  45.8
  0.1  104.7 201.4   1.2 0.0    43.7
183.3  357.4 126.7  12.2 0.037  46.0
  0.1  190.1 115.3   2.7 0.107  45.5
 78.1  129.4 114.8   2.0 0.038  42.9
360.0  185.7 118.5   9.1 0.091  44.9
  3.9   16.0 245.5  20.7 0.152  44.2
 49.0  327.2 240.2  20.9 0.189  45.7
 39.1   90.8 139.1   2.3 0.119  39.8
277.5  120.3 239.1  11.9 0.092  47.7
311.2  261.6  90.1   4.0 0.237  39.5
335.7  240.5  61.8  10.4 0.221  46.3
  0.0   58.7 158.6   2.8 0.092  43.6
  0.0  165.2  48.0   6.1 0.030  42.8
  0.0  121.2 127.3   1.4 0.075  44.8
231.2  141.2 255.4   1.3 0.092  44.7
313.1   66.8 261.6   3.2 0.126  46.4
303.1  272.1  50.9   3.2 0.026  44.6
125.9  316.3 149.1   1.0 0.057  44.1
115.9   29.6  88.6   2.9 0.034  43.0
 69.6   62.1  89.9   3.5 0.060  44.3
359.9   55.4 128.1   1.1 0.081  39.3
360.0    5.8 177.7   8.6 0.091  44.6
360.0  158.6  24.9   3.3 0.109  46.5
  0.0   13.4 170.0   1.9 0.0    44.7
  0.0    7.9 176.0  12.5 0.0    44.7
  0.0   30.6 153.1   2.8 0.0    46.4
  0.1  171.6  13.1  24.2 0.125  39.3
  0.1  351.9 192.3  24.6 0.114  39.3
 48.6  145.7  16.8  19.5 0.113  47.5
  0.1  109.6  97.4   4.6 0.042  43.2
  8.7   69.3 135.2   3.2 0.236  48.1
 31.2   71.9  75.7   3.6 0.078  44.3
354.8  171.5  56.8   1.2 0.047  43.5
359.9    4.7 150.1  20.0 0.102  42.9
359.9   26.3 127.9   4.3 0.087  43.1
 46.5  135.6  32.4  24.7 0.271  39.6
165.1  260.1 111.7   4.0 0.053  44.4
329.9  253.6 338.5   4.7 0.270  46.3
360.0  170.5  75.7   3.3 0.049  45.0
360.0  337.7 176.0   1.9 0.188  39.5
  0.0  347.3 166.4   3.0 0.0    45.8
  0.0  181.7 331.8   2.9 0.0    45.4
311.8  121.3 113.4   1.3 0.307  39.4
  0.0    5.0 148.7   2.6 0.0    42.9
  0.0  176.3 337.1   8.3 0.0    45.4
  0.0    2.3 151.2   2.9 0.0    45.4
  0.0  357.2 156.2   6.3 0.0    42.5
  0.0    1.5 151.6   1.5 0.0    44.4
 47.8    4.9 123.5   1.8 0.095  44.2
 65.3  351.0 121.3   1.9 0.061  42.4
172.0  237.1 130.1   3.8 0.032  43.3
360.0   13.8 122.0   2.4 0.099  44.9
307.9   90.6  33.6  23.8 0.283  39.5
 50.3  356.7 283.7   7.7 0.310  39.3
  5.9  232.9 219.5  12.9 0.298  39.0
359.9  181.8 235.9  24.7 0.085  42.8
264.0   99.7  81.3   2.0 0.077  45.3
348.9  236.8 224.8   3.8 0.201  47.7
359.9  349.7  65.3  21.5 0.103  42.9
117.6  163.7 147.2   1.9 0.062  43.8
320.0   34.5  95.7   5.5 0.124  44.2
 36.3  331.9  65.1   4.6 0.068  45.3
  0.0  327.7  87.2   1.2 0.0    42.9
223.3   24.2 190.2   0.8 0.038  43.6
 56.9  264.6 120.5   2.4 0.057  43.6
293.2   68.2  96.7   4.0 0.114  44.5
217.1  149.8  81.2   7.5 0.119  44.7
149.1  196.8  93.7   4.3 0.070  43.3
130.4  206.9 110.5   1.7 0.012  44.7
  0.0  345.8  70.5  11.8 0.138  43.7
179.1  141.4 115.9   2.2 0.045  43.2
123.1  287.5 270.0   1.8 0.047  43.7
  0.0    3.3 300.8  18.4 0.0    45.0
360.0  183.6 134.1   5.6 0.085  43.8
 14.6  326.0 102.6   3.4 0.106  41.9
360.0  293.7 125.7   2.9 0.103  43.0
360.0  247.7 172.7   2.3 0.071  43.1
  0.0  273.1 146.2   2.6 0.0    41.8
283.2   67.7 105.4   2.8 0.135  44.9
  0.0  304.8 113.6   2.5 0.0    41.4
  0.0  296.0 122.3   2.9 0.0    44.7
  0.0  294.5 125.9   2.4 0.0    44.1
  0.1  327.7  91.7   4.1 0.0    44.0
  0.0  202.9 216.5   5.2 0.0    43.5
  0.0  294.3 124.8   2.6 0.0    43.6
359.7  196.9 223.1   8.8 0.0    46.4
  0.0  336.7  82.1   6.3 0.0    46.3
  0.0    9.1 327.5  13.1 0.146  45.5
  0.0   54.8 263.8   1.5 0.0    36.5
  0.0  173.2 162.0  25.3 0.057  39.6
180.0  347.5 141.4   7.8 0.197  45.1
  0.0  351.7 344.3  11.6 0.123  43.2
 20.2  315.8  42.9   0.3 0.121  41.9
 37.4   98.2 223.2   3.7 0.216  47.5
  0.0  116.2 234.7   1.6 0.0    43.2
 67.2   78.4 168.8   2.2 0.214  39.2
 65.8  106.6 153.5   9.5 0.114  39.3
360.0  346.2 352.3   2.5 0.164  39.6
 84.0  107.4 132.4   2.0 0.125  39.4
  0.0  296.9  41.0   2.3 0.0    46.4
251.4  356.9 118.6   1.2 0.081  43.8
  0.0    3.8 334.7   2.2 0.0    41.1
 53.3  203.2  99.7   2.7 0.053  44.0
  0.0  331.7   6.0   3.5 0.0    45.6
  0.0  347.8 315.9   0.7 0.075  42.3
106.4  180.6  47.5   0.8 0.074  41.7
 43.1  273.9  15.9   1.5 0.106  44.8
137.6   65.9 129.8   2.3 0.060  44.0
254.5  139.2 326.0   5.9 0.242  42.0
269.1  296.3 130.2   4.6 0.102  45.1
 60.1  304.0 330.6   4.6 0.025  46.5
133.1  131.3  71.8   1.3 0.032  43.0
  0.0  185.7 131.0   7.9 0.0    42.4
 67.7  291.1 324.7   0.4 0.140  47.0
  0.0  358.9 319.1  13.8 0.0    44.9
169.4  122.4  45.1   0.8 0.057  44.2
290.8  268.7 135.3   6.4 0.055  42.6
 84.4   88.0 148.0   1.8 0.063  44.2
351.5  109.7 226.8   0.7 0.019  42.4
 16.2  228.7  77.1   4.4 0.051  43.2
 66.9   77.6 182.4   0.8 0.192  43.6
185.1  114.9  57.8   3.1 0.032  42.9
 64.6  196.1  77.7   5.6 0.021  44.1
 13.8  203.2 126.8   4.5 0.035  37.7
261.2  224.2 148.0  21.3 0.059  38.8
168.9  304.9 146.0  19.1 0.077  41.5
  0.0    0.2 223.1  10.8 0.0    46.2
310.4  125.2 179.6   1.7 0.105  46.4
293.0  173.8  96.1  18.1 0.192  39.5
299.5  262.2  25.5  12.9 0.202  39.3
  0.0  179.6  27.1   4.6 0.043  42.0
  0.0  357.4 215.7   2.0 0.0    43.8
197.0    0.8  13.5   2.7 0.015  44.2
215.1   11.0 345.2   0.7 0.008  44.4
  0.0  180.0   8.9  29.0 0.0    41.2
 53.0   69.0 100.0   3.7 0.072  44.3
297.9  269.5  28.7  18.4 0.259  39.2
179.1  337.0  50.3   6.7 0.147  47.2
 30.8  352.1 207.5  17.3 0.169  39.5
 12.1  160.8  32.0   5.3 0.075  42.3
332.5  243.1  35.3  12.0 0.160  45.5
 60.2  140.3  26.0   2.1 0.038  43.3
 86.6   93.2  39.4   2.5 0.085  44.8
178.4   20.0   8.8   2.1 0.026  43.7
297.4  119.1 159.5   1.1 0.072  44.2
291.5  108.2 178.3   4.4 0.101  45.4
210.5   24.9 332.9   0.7 0.059  44.2
108.5   67.8   1.7   4.6 0.292  39.4
 87.0  260.1 127.0  31.0 0.166  39.4
180.1  352.0 333.2  32.5 0.061  46.1
115.0  318.4  82.5   1.6 0.039  44.0
180.1  175.8 132.8  10.0 0.091  45.5
360.0  141.3  19.0   5.0 0.143  44.7
122.4   54.9 307.3  19.3 0.145  47.0
122.0    9.7  28.9   3.4 0.093  44.6
208.8  195.5 113.7   4.2 0.046  43.1
196.0  351.7 326.5   8.1 0.232  39.4
154.6  227.2 154.2  11.6 0.102  44.3
110.7   85.0 314.1  28.0 0.039  46.4
 25.4   61.1  56.7   0.5 0.036  43.8
 23.7   30.1  76.6   0.5 0.055  43.8
 98.8   70.9 341.8  13.5 0.231  36.7
264.5  145.9 130.6   9.5 0.102  44.4
  0.0    0.3 150.5  31.5 0.0    42.9
  0.0    1.7 149.0   0.9 0.0    42.5
 73.0  311.7 140.8   1.2 0.075  44.5
279.3  199.6  23.8  30.9 0.252  48.5
  0.0   56.6  43.8  35.9 0.062  44.0
  0.0  320.4 113.6  33.0 0.042  42.1
181.1  141.4 111.0  34.8 0.160  46.8
  0.0  279.0 159.0  20.4 0.100  43.0
119.0   77.1 255.5   7.2 0.081  42.8
 34.7  346.7  54.8  17.2 0.242  39.2
359.9   73.9 262.7  11.1 0.185  39.2
360.0  144.9 190.6  17.9 0.052  43.1
180.1  344.3 190.5   0.6 0.081  44.4
 49.6  185.3  99.3   0.9 0.143  46.9
339.3  188.9 252.9  10.6 0.153  36.1
 22.4   25.3 351.9  22.0 0.179  44.3
  0.0  179.8 192.9  21.9 0.0    43.0
 56.5  145.1 186.0   1.2 0.100  43.8
151.2   94.7 137.5  11.5 0.143  39.2
319.6  114.5 291.5   0.2 0.068  46.3
  0.0    0.2 327.6   3.7 0.0    43.9
307.9  259.2 189.1   1.4 0.054  43.8
 27.3  347.1   5.0   7.9 0.338  47.3
  2.5   70.4 327.3  13.7 0.174  44.8
 98.4  264.7   3.8   4.8 0.175  45.9
116.2  264.6   0.3   1.4 0.036  42.7
234.4  327.5 144.8   1.1 0.050  46.3
  1.2  205.3 138.1   2.6 0.046  42.5
  0.0  178.8 139.5   3.2 0.0    42.9
120.2   66.8 122.3  30.0 0.159  43.3
286.1  292.5 127.5   4.0 0.023  37.9
 44.1  159.6 124.1  28.2 0.041  40.4
104.9  102.9 111.3   1.4 0.136  47.0
246.8  147.5 301.5  14.4 0.091  41.4
 63.5  203.0  55.5   1.2 0.172  45.5
135.1   60.1 137.0   3.1 0.069  44.3
293.4  277.3 137.8   2.6 0.078  43.9
291.6  218.7 119.8  14.9 0.193  39.4
189.5  214.0 283.6   0.6 0.207  43.6
180.1  180.3 307.2   2.9 0.029  46.2
  0.0    2.1 210.5   4.0 0.0    45.5
  0.0  358.3 213.9   8.7 0.0    46.4
 77.1   84.1  32.6  16.0 0.166  39.3
179.9  182.1 210.5   3.4 0.102  45.7
  0.0    5.3 207.0   0.7 0.0    42.0
  0.0  182.8  30.0   1.9 0.0    44.4
 67.9  269.5 213.2  25.0 0.195  39.4
 89.5  108.6  30.9  10.5 0.066  43.5
284.7  280.2  35.8   5.7 0.244  39.5
296.4   95.5 211.9  13.1 0.275  39.5
359.9  181.6   0.9   7.0 0.001  44.5
272.3  213.6 122.5   4.5 0.048  43.3
278.1   56.8 255.9   1.3 0.020  43.8
309.2  265.9  30.6   1.0 0.159  43.9
  0.1   96.0 107.1   3.6 0.060  43.1
360.0   20.0 170.1  10.1 0.079  42.3
360.0  151.9  35.9   6.2 0.060  42.1
139.3  286.6 160.8   3.2 0.020  43.2
327.9  156.2 105.7   2.6 0.025  44.4
 93.3  101.2  24.3   5.2 0.083  44.8
180.2  340.8 339.0   8.2 0.113  45.5
  0.0   10.2 130.3  14.2 0.0    45.3
  0.0  130.0  10.1   3.4 0.0    41.7
  0.0   61.7  78.4   2.9 0.0    44.3
  0.0   40.9  99.3   3.9 0.0    42.8
  0.0   25.9 114.5   5.8 0.0    42.5
324.7  101.4 105.2   4.5 0.078  44.2
  0.0  108.5  31.4   2.5 0.0    44.1
  0.0   44.2  95.7   3.5 0.0    45.6
 67.1   59.8 346.5   5.5 0.230  39.4
  0.0   31.4 108.7   4.8 0.0    45.8
  0.1    6.8 133.8  22.3 0.102  42.5
 12.5  338.3 137.0  40.0 0.329  39.3
180.7  348.4 330.7  14.3 0.267  39.4
222.6  249.8  54.1   2.8 0.071  43.4
 36.8  165.7 339.0   9.3 0.281  39.7
 64.9  315.9 127.8  17.1 0.071  40.9
 98.9  250.6 164.9   0.8 0.009  43.1
250.1  169.5 100.5   0.8 0.094  43.1
 70.6  298.3 139.3   2.7 0.063  44.2
360.0  357.7 163.1   4.5 0.092  45.1
314.6  224.3 343.3   1.0 0.126  44.5
360.0  201.3 324.5   1.4 0.051  43.1
343.5    8.3 192.2   0.1 0.068  46.6
124.7  245.7 122.8   3.0 0.157  45.0
180.1  179.4 153.0   7.5 0.016  42.5
 62.2    5.2  91.1   0.2 0.138  45.8
  0.0  348.0 135.1   1.7 0.0    42.2
256.9  135.8 123.3  13.3 0.098  41.3
  0.1    0.5 154.9  12.1 0.098  43.9
360.0  359.9 151.8   2.4 0.032  44.4
360.0    0.1 148.2  25.2 0.135  43.9
303.9  109.8 128.0   9.8 0.238  42.4
186.8  196.4 174.6   7.9 0.005  43.6
268.3  262.7 347.1   1.0 0.043  43.8
 81.9  301.1 118.5   2.8 0.093  44.0
311.2   72.7 125.2  23.3 0.010  46.9
  0.0    3.0 123.1  11.6 0.0    42.0
  7.4  189.8 313.4   3.2 0.068  45.4
218.0  169.5 122.4  20.0 0.084  43.3
180.1  183.9 166.4   2.4 0.027  43.9
306.0   62.5 190.4   0.4 0.079  45.0
 25.6  352.4 168.1   8.7 0.133  47.2
181.8  319.9  24.9   0.3 0.0    45.1
180.1  175.7 175.7   1.8 0.027  43.6
198.7  173.5 154.5   0.8 0.0    43.4
 38.5  351.8  50.7  14.6 0.164  39.3
297.0  109.4  63.7   2.0 0.119  45.0
 12.9   42.7  37.6   3.0 0.103  45.2
141.3   49.5 237.2   6.8 0.090  44.4
 70.3  272.9  58.6   5.7 0.271  39.0
 24.7   28.0  16.0   6.7 0.197  39.1
  0.1  356.0  80.3   4.5 0.180  39.4
342.5   18.2 102.6   1.9 0.038  43.0
200.3  176.9  60.8   0.9 0.046  43.1
 93.1  151.7 183.9   1.5 0.038  38.7
343.8   36.6  88.4   2.2 0.125  45.4
291.1  280.8 231.4   9.6 0.129  36.2
  4.7   19.0  53.9   8.8 0.217  39.2
  0.0  358.4 199.7   3.5 0.0    45.2
359.9  182.3  16.3   6.2 0.212  39.5
  0.0  178.6  19.3   2.8 0.0    42.0
360.0  357.1 200.6   5.1 0.051  43.0
 30.7  194.0 102.7   1.2 0.036  43.8
204.8    0.1 122.9   2.1 0.044  44.3
  0.1  359.7 194.7   6.6 0.122  45.5
227.4  222.7 123.5  16.7 0.089  41.6
234.5  300.3  37.3  24.9 0.049  38.1
 65.1  135.6  16.3  28.0 0.092  41.0
  4.8   34.9 194.7   8.8 0.196  39.6
107.1  215.4 229.0   9.8 0.017  42.0
  0.0    5.4  59.9   0.6 0.0    43.3
  0.0  186.0 239.4   1.2 0.0    44.8
  0.3  117.4 239.9   9.0 0.186  39.3
 32.3  341.0   9.5  11.8 0.361  47.6
  0.0   51.7 312.5   5.7 0.0    44.5
130.5   70.9 163.9  30.0 0.058  41.4
  2.2   37.9 318.5  12.4 0.0    41.3
320.7   74.4 355.8  13.2 0.079  42.5
360.0    0.3 177.1   8.3 0.091  43.8
179.7  188.5 110.7  19.0 0.079  39.3
  9.0   36.5 121.3   8.0 0.049  42.3
244.2  203.1  74.6   1.0 0.032  43.8
  2.5  140.8 285.8   7.4 0.122  43.6
145.4  200.8  44.6   3.3 0.017  42.4
144.6   48.7 163.6   5.3 0.179  39.4
 28.8  357.2  11.6  31.7 0.098  43.6
  0.0    6.0 248.6  30.9 0.096  39.5
360.0   17.9 197.5   1.5 0.097  39.5
359.6  193.4  92.6   8.1 0.117  45.4
 33.9  321.7  99.6   0.4 0.216  39.1
 21.7  328.4 228.1   9.3 0.190  39.4
  0.0  180.6  47.8   2.7 0.0    43.4
355.8   60.0 186.6   4.8 0.259  39.9
  0.0  203.5  34.5   0.9 0.0    41.3
 63.9  100.2  21.0   3.5 0.119  39.4
360.0  180.3 338.9  22.9 0.091  42.9
  0.0  209.6  28.4   0.7 0.0    42.4
277.9  115.9 154.1   2.3 0.064  44.3
 24.3    2.6 128.6   4.1 0.137  46.6
  0.0  358.7 353.3   2.2 0.0    42.4
  0.0  356.6  12.1  16.1 0.0    40.9
  0.0  353.0  15.5   6.8 0.0    42.2
199.1    9.5  19.5   1.7 0.035  43.1
306.4   98.4 154.7   1.1 0.120  46.1
360.0  180.6 192.1   2.6 0.114  39.3
320.1   86.4 257.0   5.4 0.194  46.1
 12.6  359.1  15.2  18.3 0.095  44.2
344.0  189.6 225.1   8.0 0.195  46.1
355.1  168.0 233.5  10.7 0.123  43.3
173.0  333.7 241.3   4.5 0.070  43.5
 98.1  293.3 343.4   3.7 0.132  43.1
124.6  337.3 334.4   1.2 0.034  42.2
103.2  239.5  20.6  19.3 0.299  39.2
357.4   35.7 175.1   4.7 0.137  43.8
 91.8   33.6  38.5   2.7 0.110  46.2
288.7  111.0  78.8   1.6 0.129  46.3
107.3  196.3 135.6   3.8 0.030  38.5
 73.0  270.6  29.0   4.2 0.077  43.5
 69.1   73.3 260.8  11.9 0.073  47.3
321.9  115.8 178.5  23.5 0.175  43.8
 82.7  179.3 111.0   1.8 0.076  44.8
 54.7  233.1  81.9   2.0 0.097  45.6
248.0  115.5  27.8   8.5 0.167  46.1
142.2  175.2  51.9   3.5 0.097  44.0
 52.5  248.3  71.8   0.8 0.059  43.6
356.6  315.6  83.0  20.6 0.029  39.8
346.8  210.2 189.2   6.8 0.143  45.8
 41.6  171.9 158.8  18.8 0.241  39.2
345.5  249.3 156.8   2.7 0.249  42.0
 36.0  346.9 228.8  11.9 0.289  39.7
351.8   10.0   8.1  20.8 0.246  46.4
340.6   97.9 261.5  18.7 0.272  43.0
 19.5  140.0 207.5  40.9 0.070  41.6
 64.2  340.6 192.0  12.4 0.066  41.5
322.2  112.7 175.0   9.9 0.085  42.7
182.4  339.1  80.0  19.6 0.005  40.9
 53.7   27.0 145.7   7.3 0.234  39.6
350.5  185.9  83.1  20.0 0.263  39.7
 90.3  275.4 214.8  19.8 0.254  39.6
 29.8   50.9 165.3   7.3 0.054  42.6
303.9  179.7 128.1   7.6 0.085  48.1
219.6  182.6 207.9  18.2 0.103  41.9
 26.8   90.0 107.1   8.3 0.291  48.2
243.6  286.3  54.5   3.7 0.012  44.3
339.5  183.0  63.5   3.9 0.052  44.1
347.7  188.4  46.3   5.0 0.069  43.2
231.5  286.5  69.9   3.2 0.078  44.1
 73.0  112.6  25.3   2.3 0.106  44.9
 45.7   72.4  90.5   2.8 0.135  46.0
 33.6  107.4  72.5   2.8 0.070  44.4
160.3   12.6  45.0   9.8 0.172  39.3
 18.3  354.0 204.4   6.9 0.110  39.6
 64.0  299.8 216.0   7.4 0.037  41.3
 31.6  127.6  49.2   8.3 0.173  44.4
180.6  355.8  40.9  12.1 0.147  42.6
332.7   53.3 198.7   1.6 0.083  43.9
239.9  247.7 219.7  25.9 0.129  42.1
298.6  221.7  58.7  36.0 0.130  42.3
 42.3  219.2 121.0  19.3 0.170  47.4
357.8   52.3 131.0  17.2 0.022  40.4
353.0  294.9 116.0  15.7 0.111  45.8
 18.6  313.4  65.4  30.2 0.074  39.3
305.6  239.0  35.7   2.6 0.041  42.9
 73.3  293.2 153.1  24.7 0.064  47.8
313.9  175.6 159.0   2.5 0.039  44.4
309.6  269.4 186.0  37.9 0.080  46.8
312.1  147.4  43.4  18.7 0.230  42.3
270.5  269.8 236.6  17.4 0.155  42.8
  6.4  242.8 144.6  20.7 0.278  45.8
284.9   30.7 247.7  13.9 0.061  43.2
352.7  331.1 253.1   2.9 0.088  43.8
100.2  252.4 352.4  28.1 0.134  43.2
256.9   95.7 193.2  16.3 0.081  46.1
 88.3  254.4 236.8  27.6 0.132  41.7
 74.9  213.8 257.3  13.0 0.027  43.8
 72.0  270.8 331.6  13.6 0.005  40.8
 62.0  284.1 238.7  15.7 0.182  39.2
259.9  295.4   1.8  39.7 0.052  39.1
358.7   41.0 285.1  23.1 0.191  45.2
 33.0  152.3 326.7  15.9 0.160  42.4
106.3  270.2  53.6  22.9 0.067  45.7
 11.1   52.2 258.1  21.7 0.288  49.7
183.8    0.6  64.6  18.1 0.022  39.6
 12.4  289.8 101.3  13.6 0.365  47.4
331.3   85.9 310.3  17.2 0.139  41.8
313.0  101.0 222.5  12.4 0.304  39.7
340.6   85.2 205.3  18.2 0.330  39.7
 21.2  350.1 217.0  14.7 0.242  39.8
338.1   76.9 118.0   2.9 0.094  44.2
337.9  211.6  24.4   1.8 0.157  39.7
358.3   17.0 320.9  26.1 0.058  40.5
340.5  189.7  76.7   1.5 0.034  43.6
 15.1   19.7  97.2   2.4 0.153  42.1
274.4  331.6 104.7   2.4 0.066  44.3
308.6   40.8 234.0   1.0 0.072  44.3
349.5  169.7  91.7   1.9 0.222  39.8
  8.5   54.3 169.1   3.4 0.260  48.4
349.4  131.2  59.2   2.2 0.096  44.2
284.5  110.5 106.7  18.1 0.113  39.4
  3.8  181.9 305.0   2.6 0.217  42.2
155.7   42.7 164.2  22.4 0.114  39.2
351.2   52.4 222.9  17.5 0.289  39.9
 52.0  317.5 188.1  17.1 0.122  43.4
250.7  144.0 119.0  25.5 0.146  43.7
349.7    6.5 212.7   0.8 0.036  44.2
 16.7  312.7  96.3  28.6 0.273  39.1
112.3  144.6 136.0  12.0 0.226  39.0
 56.8  349.3 184.3   1.7 0.090  45.4
 56.4  341.7 154.8   2.8 0.125  46.9
 78.4  132.6 113.8   2.1 0.123  46.0
354.6  101.0  10.4   4.1 0.253  39.0
297.7  120.8 207.4  15.0 0.184  39.6
 42.0   37.8 240.9  31.2 0.153  43.4
269.1  273.5  45.3   3.3 0.046  44.2
 26.5  126.7  65.7   2.8 0.050  44.4
 32.0  337.0 205.7  10.6 0.124  46.8
 22.6  183.8 133.1   3.2 0.042  42.6
 26.9  302.0 226.2   3.1 0.284  39.7
176.8   24.7  22.1   6.6 0.130  44.7
  6.6   12.7 203.3  21.7 0.079  42.8
340.4   59.5 130.4  17.9 0.232  42.3
349.2  116.4  84.4   2.3 0.054  42.8
 33.4  101.8  56.5  28.5 0.167  35.0
244.4   71.0  99.8  23.9 0.056  39.9
159.5   64.4 120.0   3.5 0.095  34.8
187.8  354.3 314.3   1.1 0.007  42.7
340.7  247.3 204.7  27.5 0.129  44.0
 52.8  326.4  14.3   7.7 0.068  42.8
249.9  298.0 162.7   2.2 0.038  44.0
182.6  100.0 141.6  29.1 0.148  44.1
 71.3  114.7 135.3  23.9 0.117  43.0
340.6  206.7 149.0   3.5 0.244  43.8
303.1   97.7 347.1   5.1 0.167  45.7
 22.3  198.0 114.1   4.5 0.030  43.8
277.7   21.2  68.4   2.7 0.111  43.6
124.8  267.5 286.6   3.7 0.151  39.4
 23.2   89.1 116.4   1.1 0.086  44.5
156.4  205.0 339.8   3.9 0.074  44.8
252.9  135.0 328.8   3.7 0.142  46.1
 48.3    0.7 291.5   1.8 0.098  42.5
142.8  101.6 140.7  12.4 0.077  43.0
358.4  211.1 130.9   2.2 0.046  45.3
236.0  118.3 336.8   0.8 0.047  43.4
183.9   22.9 163.8  12.7 0.028  41.1
 30.9  187.5 170.4   3.7 0.194  39.0
  9.6  183.1  36.4   3.5 0.088  45.0
 35.7  158.0  49.6   2.3 0.137  45.9
207.6  315.7 165.7   3.1 0.045  43.8
  1.4  205.2 196.7  11.3 0.261  39.0
 49.1   58.2  15.0  27.4 0.137  41.7
  3.0  352.5 205.0  18.9 0.311  48.0
 77.6  102.6 318.5   7.9 0.101  43.4
310.0   51.9  27.5   1.5 0.063  34.6
 54.8  265.9  46.4  10.0 0.198  47.6
321.1   91.6 112.9  28.7 0.146  43.4
277.7   89.8  17.8  10.4 0.074  43.6
274.3  281.7 267.9   1.4 0.211  39.0
220.5  214.2 215.9  17.7 0.140  41.9
 49.3  124.6  59.8   9.7 0.206  47.0
330.4   63.0 248.4  15.6 0.160  39.7
 54.1  309.4 339.1   1.3 0.105  44.1
340.7    6.5 272.6  12.0 0.165  48.3
 83.8  126.7 108.8   1.5 0.086  43.9
358.8  132.7 328.7  38.1 0.244  46.9
231.8   14.5 252.2  13.6 0.181  39.4
225.5  223.0 307.7  25.7 0.149  43.1
320.4  267.6   0.4   5.8 0.145  45.5
321.9  130.2 103.2   2.4 0.107  44.6
301.7  237.4 276.8   1.7 0.104  44.3
 81.9  257.8 244.9  11.6 0.109  44.5
312.7  189.2  55.5   2.2 0.152  46.0
356.7  204.9  45.0  10.6 0.170  45.4
282.8  317.2 208.0   6.1 0.097  43.4
 60.8  160.6 278.5   0.8 0.083  43.7
332.9  256.2 304.3  16.7 0.295  49.7
355.2   41.8  41.7  28.7 0.179  45.7
351.7   42.8 187.8   7.7 0.055  44.0
166.2   86.5  84.5  13.3 0.068  38.9
271.8  180.7 184.0  21.5 0.140  46.0
341.9  335.2 287.6   5.6 0.198  39.6
353.9  220.0  23.3   4.9 0.082  40.1
 20.5   50.7 154.7   5.0 0.237  39.7
224.5   41.6 103.5   4.9 0.062  42.8
348.9  284.7 326.9   2.6 0.095  44.0
 71.5  311.9 322.6   2.0 0.112  45.0
339.6   47.9 136.2  10.2 0.123  45.3
315.5  255.6 224.5   7.1 0.238  42.0
 61.3   87.1 275.5   3.0 0.119  44.8
129.0  295.6   1.9   5.2 0.064  44.0
 96.8   82.1 192.1   0.8 0.042  43.7
 47.8  278.1  85.8  28.6 0.136  43.0
349.5  166.4 186.9  19.3 0.022  41.5
102.5  147.3 148.0   9.5 0.043  38.8
324.9   66.8  67.0  19.4 0.137  44.4
 18.8  346.3  29.2   7.7 0.249  41.9
 11.7  197.2 177.7   5.9 0.232  36.2
 11.1  208.6 162.6   6.5 0.190  39.1
 48.4  312.9 355.6  15.7 0.267  44.5
355.4  358.2   4.4   4.9 0.137  46.4
  4.5  208.3 175.8  12.7 0.288  47.2
 77.1  112.9 149.3   1.4 0.109  44.9
162.1  295.6  79.6  29.0 0.156  45.6
215.0  238.7 122.0  28.2 0.190  43.3
 70.2  288.5 336.8   5.4 0.127  43.6
106.0   44.9 224.2   1.8 0.022  36.9
274.1  294.3  44.2   2.1 0.110  43.9
 95.0  148.8  96.8   1.1 0.023  42.8
 28.5   56.8 276.6  10.2 0.148  43.4
 40.4  114.5 110.3  17.1 0.254  39.7
 53.5  306.6 209.4   8.9 0.259  39.8
319.4  220.9 323.1   2.9 0.077  34.9
 29.1    7.5  94.8   4.3 0.051  37.2
 29.2  172.9   2.1  13.7 0.179  39.6
 23.1  170.4  45.9  23.4 0.286  47.8
  1.8  130.3  83.4   3.3 0.041  43.9
  8.3   35.4 171.5   1.5 0.275  39.6
 61.7   41.8  78.5   2.4 0.086  35.1
356.9  307.8 248.6   0.8 0.198  47.3
 14.2  129.7 319.5   6.0 0.290  39.3
 22.9  356.1 108.9  11.1 0.139  42.3
327.6  296.3 185.9   2.0 0.042  44.1
266.7    2.1 140.5  24.8 0.065  38.6
122.9  309.6 280.0  23.9 0.110  41.9
360.0  204.7  25.7  29.2 0.322  39.7
 11.5  247.9 146.5   2.7 0.169  32.1
 72.5   69.0 182.9  27.2 0.109  43.2
 30.2  175.8 341.8  11.8 0.254  49.7
317.3   45.4 109.7   9.2 0.261  47.6
 87.9  152.6 105.5   4.0 0.177  43.5
271.1   64.9 287.0   0.4 0.043  39.0
345.2   47.8  36.4   3.7 0.282  39.3
 19.9  218.6  21.9   3.3 0.182  44.0
321.7  279.1  45.3   2.4 0.243  39.4
299.8  302.1  42.7   7.2 0.190  43.8
316.0  267.6  47.6   6.7 0.082  43.9
330.1   81.6 285.0  11.2 0.232  43.6
 64.4   97.1  57.0  15.3 0.235  45.6
326.9  186.2  88.0   5.0 0.119  44.1
 29.0   18.6  10.8  14.7 0.118  39.2
 64.4  139.2 224.0  10.6 0.130  39.0
 27.5  181.6  50.2   5.9 0.234  39.6
 35.4  295.5 250.7  21.9 0.082  42.2
178.7   72.3 268.8  20.6 0.221  39.3
154.7  242.8 304.6   2.6 0.029  43.9
328.5  215.9  87.0   1.9 0.021  42.7
 92.0   51.6 113.0   0.5 0.025  43.2
349.3   50.7 326.6  22.2 0.234  45.1
 63.8  305.0 301.8  24.2 0.173  43.9
257.5  331.1 102.0   1.2 0.029  43.5
320.2  247.7  56.0   1.5 0.091  44.3
 20.7  112.3 302.7  14.8 0.072  39.2
 76.9  287.3  23.1  14.0 0.265  39.2
292.6  110.4 150.7   5.4 0.063  38.7
 99.1    6.6  45.7   3.8 0.063  42.2
 20.1  178.7 334.9   9.8 0.146  46.6
 51.7  161.0 334.3   3.2 0.085  35.0
318.7  238.6 304.4   2.3 0.013  43.8
143.9  247.1  47.0  14.4 0.251  37.3
 67.5  126.7 127.3  33.7 0.125  38.6
 50.4  140.8 237.2   6.6 0.184  39.0
 94.0  202.3 136.5   1.0 0.021  42.3
 47.0  145.6 234.1  14.0 0.222  39.2
 61.4  195.9  85.0   0.6 0.089  43.6
107.1   89.2 134.4   2.7 0.067  44.9
326.7   80.0 184.8  19.5 0.227  44.1
304.1  289.1 320.3   1.2 0.090  44.5
 48.1  329.0 120.1  10.0 0.207  41.5
 59.9  338.7 132.6   2.9 0.119  45.4
 24.4  206.7 199.9  16.3 0.285  39.1
296.3  279.0 204.7  19.5 0.141  42.4
 77.0  338.3 324.6  25.9 0.124  43.0
294.7  295.1 297.5  24.4 0.132  47.3
307.1  236.2  51.3   0.4 0.066  44.4
321.8  243.3  64.0   0.5 0.063  44.7
298.0  147.6 188.8   8.0 0.038  43.6
308.9  269.2 132.3  22.5 0.101  43.1
 11.5  195.6  26.1  10.8 0.288  39.7
  4.4  294.8  97.0   8.4 0.221  39.2
 87.2   65.7 173.2   1.2 0.014  43.4
347.8   58.4 205.6  24.8 0.311  49.2
  4.4   68.0 169.3  15.5 0.283  39.8
100.8   82.1  10.0  12.7 0.151  39.2
286.0  268.6 192.1   4.6 0.041  37.7
  6.1  324.6 128.0   3.0 0.249  39.1
245.7  265.9 350.2   1.5 0.040  43.4
 17.5   24.6 342.1   4.8 0.260  39.4
285.0  298.6  71.0  19.6 0.242  39.7
 48.0  130.2 183.2  13.5 0.371  47.4
 66.2  134.1  50.4   2.4 0.052  43.6
340.4   82.4 346.9  16.6 0.222  39.1
330.2   72.5  21.1  27.1 0.101  41.5
 56.1  308.8 343.1  12.4 0.400  47.6
 63.7  141.1 188.1  19.6 0.145  39.2
113.8  265.0  97.3  17.2 0.052  42.8
339.1   59.0  50.1  12.1 0.100  45.5
138.6  240.1 355.3  27.5 0.123  43.1
 10.4   29.9  16.0   4.7 0.254  39.3
261.3  121.5  72.4   1.5 0.036  42.6
331.5  246.8  25.6   3.7 0.056  44.4
 69.6  301.6 127.2  19.2 0.210  47.1
 26.5   75.0 316.7   5.7 0.327  39.1
 57.5  337.4 127.5   6.6 0.074  36.5
358.8   99.0 317.4  12.1 0.313  39.2
 31.3  102.9 144.7   3.8 0.123  39.6
353.6  236.8  56.2  14.0 0.222  42.5
 70.3  311.1 176.6   0.6 0.061  44.0
 69.7  315.7 354.7   5.2 0.186  39.3
353.0   79.4 354.8   1.9 0.316  39.1
 32.0    0.2 359.4   2.2 0.066  43.7
